step,Energy,Magnet,acc,J
1,0.00312,0.00614,5e-06,1
200001,-0.607641,0.01212,0.501835,1
400001,-0.705321,0.00916,0.32247,1
600001,-0.74784,0.00606,0.266335,1
800001,-0.7668,0.00146,0.24004,1
1000001,-0.77832,0.00456,0.226105,1
1200001,-0.784481,0.01152,0.2175,1
1400001,-0.788962,0.01508,0.21209,1
1600001,-0.796682,0.01608,0.20653,1
1800001,-0.796401,0.00932,0.20309,1
2000001,-0.799522,0.0144,0.20246,1
2200001,-0.799082,0.0141,0.201985,1
2400001,-0.800722,0.01544,0.198995,1
2600001,-0.800642,0.01488,0.19936,1
2800001,-0.801484,0.02206,0.198025,1
3000001,-0.802283,0.01994,0.19768,1
3200001,-0.800363,0.01984,0.197575,1
3400001,-0.801241,0.0133,0.199095,1
3600001,-0.800041,0.01358,0.19846,1
3800001,-0.799441,0.01074,0.20082,1
4000001,-0.800843,0.0198,0.199075,1
4200001,-0.802643,0.0192,0.19713,1
4400001,-0.803803,0.019,0.19851,1
4600001,-0.803802,0.0173,0.194975,1
4800001,-0.803681,0.01182,0.19448,1
5000001,-0.802922,0.01658,0.19694,1
5200001,-0.804521,0.01004,0.193105,1
5400001,-0.800041,0.00948,0.19938,1
5600001,-0.80272,0.00736,0.19747,1
5800001,-0.80264,0.00358,0.197705,1
6000001,-0.80136,0.0016,0.197465,1
6200001,-0.80284,-0.00254,0.195915,1
6400001,-0.80404,0.00054,0.19567,1
6600001,-0.80236,0.00312,0.198205,1
6800001,-0.80536,0.00316,0.19657,1
7000001,-0.805001,0.00898,0.192935,1
7200001,-0.807841,0.01148,0.193735,1
7400001,-0.805081,0.01044,0.19533,1
7600001,-0.806241,0.00838,0.193735,1
7800001,-0.804641,0.01074,0.19504,1
8000001,-0.804401,0.01326,0.19575,1
8200001,-0.802681,0.01082,0.19635,1
8400001,-0.804281,0.01086,0.19623,1
8600001,-0.80552,0.0071,0.19491,1
8800001,-0.80576,0.00438,0.19383,1
9000001,-0.804,-0.0006,0.195715,1
9200001,-0.80324,-0.00416,0.19581,1
9400001,-0.8058,-0.00144,0.19517,1
9600001,-0.80472,0.00078,0.194295,1
9800001,-0.80376,0.00064,0.196535,1
10000001,-0.80368,-0.0021,0.194105,1
10200001,-0.80424,-0.00498,0.19518,1
10400001,-0.804001,-0.01018,0.19768,1
10600001,-0.803281,-0.01118,0.19768,1
10800001,-0.806321,-0.01076,0.195215,1
11000001,-0.805641,-0.0131,0.194575,1
11200001,-0.807162,-0.01544,0.193135,1
11400001,-0.805161,-0.01286,0.192865,1
11600001,-0.801001,-0.01304,0.197525,1
11800001,-0.802842,-0.01714,0.199155,1
12000001,-0.805602,-0.0138,0.195465,1
12200001,-0.807721,-0.01278,0.193465,1
12400001,-0.806002,-0.01734,0.19443,1
12600001,-0.805122,-0.01492,0.192065,1
12800001,-0.804402,-0.01434,0.195825,1
13000001,-0.801403,-0.01976,0.195345,1
13200001,-0.803122,-0.01658,0.196635,1
13400001,-0.800842,-0.0143,0.19745,1
13600001,-0.803442,-0.0138,0.198765,1
13800001,-0.804842,-0.01646,0.195465,1
14000001,-0.805603,-0.01956,0.195905,1
14200001,-0.804403,-0.01856,0.19454,1
14400001,-0.805564,-0.02112,0.19319,1
14600001,-0.804603,-0.01966,0.194205,1
14800001,-0.802962,-0.01412,0.195275,1
15000001,-0.802441,-0.01162,0.198175,1
15200001,-0.804561,-0.01244,0.196975,1
15400001,-0.805481,-0.00928,0.19495,1
15600001,-0.805961,-0.00922,0.193435,1
15800001,-0.807841,-0.00806,0.19397,1
16000001,-0.807841,-0.01252,0.194925,1
16200001,-0.808161,-0.0123,0.193265,1
16400001,-0.807521,-0.00974,0.19358,1
16600001,-0.804522,-0.0146,0.193085,1
16800001,-0.805242,-0.01386,0.194585,1
17000001,-0.805202,-0.01536,0.196015,1
17200001,-0.804722,-0.01574,0.195405,1
17400001,-0.808242,-0.01464,0.193315,1
17600001,-0.806923,-0.0178,0.19274,1
17800001,-0.805441,-0.01264,0.19422,1
18000001,-0.806162,-0.01452,0.19361,1
18200001,-0.805002,-0.0173,0.194065,1
18400001,-0.805644,-0.02264,0.195255,1.00001
18600001,-0.802924,-0.02222,0.195405,1
18800001,-0.803081,-0.01334,0.19629,1
19000001,-0.803682,-0.01584,0.199065,1
19200001,-0.803801,-0.01176,0.19415,1
19400001,-0.804161,-0.0133,0.193245,1
19600001,-0.803283,-0.01868,0.195835,1
19800001,-0.806362,-0.01704,0.19417,1
20000001,-0.806321,-0.01342,0.192165,1
20200001,-0.803643,-0.01806,0.19479,1
20400001,-0.803404,-0.02228,0.196935,1
20600001,-0.803523,-0.01906,0.195945,1
20800001,-0.805401,-0.01152,0.195535,1
21000001,-0.805122,-0.014,0.19547,1
21200001,-0.806282,-0.0152,0.19291,1
21400001,-0.803643,-0.0187,0.196095,1
21600001,-0.802162,-0.01678,0.19637,1
21800001,-0.801882,-0.01736,0.198045,1
22000001,-0.802442,-0.01448,0.19746,1
22200001,-0.803602,-0.01746,0.195935,1
22400001,-0.805564,-0.02178,0.19584,1
22600001,-0.805204,-0.02322,0.19446,1.00001
22800001,-0.806683,-0.02032,0.194685,1
23000001,-0.806802,-0.01708,0.19398,1
23200001,-0.806043,-0.01854,0.193845,1
23400001,-0.806161,-0.00986,0.1951,1
23600001,-0.80608,-0.00672,0.195005,1
23800001,-0.805761,-0.00822,0.194145,1
24000001,-0.804201,-0.00866,0.19606,1
24200001,-0.80532,-0.00544,0.194725,1
24400001,-0.80628,-0.00552,0.19617,1
24600001,-0.806561,-0.00794,0.192645,1
24800001,-0.8068,-0.00776,0.192715,1
25000001,-0.809481,-0.01036,0.19338,1
25200001,-0.804561,-0.01082,0.194105,1
25400001,-0.804762,-0.01446,0.19453,1
25600001,-0.804641,-0.01188,0.195545,1
25800001,-0.806162,-0.01402,0.194565,1
26000001,-0.805602,-0.01392,0.193975,1
26200001,-0.804241,-0.00966,0.195375,1
26400001,-0.803761,-0.01166,0.19652,1
26600001,-0.80092,-0.00776,0.196125,1
26800001,-0.801881,-0.01182,0.195865,1
27000001,-0.803361,-0.01022,0.19461,1
27200001,-0.80516,-0.00742,0.19498,1
27400001,-0.807682,-0.01584,0.193095,1
27600001,-0.802482,-0.01396,0.19582,1
27800001,-0.801881,-0.0088,0.19684,1
28000001,-0.8024,-0.00146,0.195975,1
28200001,-0.8048,0.00256,0.195605,1
28400001,-0.805921,0.01096,0.19479,1
28600001,-0.804402,0.01574,0.194565,1
28800001,-0.803442,0.0151,0.19657,1
29000001,-0.802562,0.0175,0.19627,1
29200001,-0.801124,0.02226,0.19528,1
29400001,-0.799765,0.02478,0.19798,1.00001
29600001,-0.804924,0.0227,0.19702,1.00001
29800001,-0.803524,0.02194,0.19628,1
30000001,-0.800004,0.02274,0.19679,1.00001
30200001,-0.800282,0.01538,0.19976,1
30400001,-0.803202,0.01484,0.199695,1
30600001,-0.801363,0.01864,0.19814,1
30800001,-0.801362,0.01512,0.19733,1
31000001,-0.803763,0.0179,0.196435,1
31200001,-0.804521,0.01266,0.19415,1
31400001,-0.807443,0.01816,0.193205,1
31600001,-0.808602,0.01582,0.192645,1
31800001,-0.807161,0.01296,0.189945,1
32000001,-0.808721,0.01136,0.19289,1
32200001,-0.808361,0.0108,0.19422,1
32400001,-0.80484,0.00662,0.192785,1
32600001,-0.8056,0.00638,0.19631,1
32800001,-0.80496,0.00688,0.194855,1
33000001,-0.803681,0.00958,0.194235,1
33200001,-0.801442,0.01384,0.196285,1
33400001,-0.803881,0.00956,0.19751,1
33600001,-0.80272,0.00688,0.19861,1
33800001,-0.803121,0.0106,0.19618,1
34000001,-0.802283,0.01866,0.196495,1
34200001,-0.802162,0.01724,0.197825,1
34400001,-0.803242,0.01666,0.196335,1
34600001,-0.801522,0.01706,0.19871,1
34800001,-0.801161,0.01336,0.197685,1
35000001,-0.803641,0.01168,0.19803,1
35200001,-0.804442,0.01606,0.196565,1
35400001,-0.807081,0.0121,0.19416,1
35600001,-0.806601,0.00904,0.192815,1
35800001,-0.80764,0.0007,0.193185,1
36000001,-0.80732,-0.0014,0.191725,1
36200001,-0.803041,-0.008,0.1938,1
36400001,-0.80264,-0.00276,0.19582,1
36600001,-0.8042,0.00314,0.197755,1
36800001,-0.80176,0.00216,0.197795,1
37000001,-0.799961,0.0081,0.199735,1
37200001,-0.802561,0.01124,0.199165,1
37400001,-0.807041,0.01044,0.19461,1
37600001,-0.804721,0.00874,0.192845,1
37800001,-0.8042,0.00722,0.19496,1
38000001,-0.804241,0.00954,0.19702,1
38200001,-0.80384,0.00598,0.19637,1
38400001,-0.80428,0.00278,0.19536,1
38600001,-0.80308,0.00408,0.198355,1
38800001,-0.8034,0.00302,0.194845,1
39000001,-0.80364,-0.00058,0.19671,1
39200001,-0.80328,-0.00406,0.19622,1
39400001,-0.80576,-0.00148,0.195095,1
39600001,-0.80644,-0.0029,0.194165,1
39800001,-0.80908,0.00084,0.192015,1
40000001,-0.80688,-8e-05,0.19239,1
40200001,-0.8066,-0.00746,0.193575,1
40400001,-0.80388,-0.00266,0.19645,1
40600001,-0.80616,0.002,0.194745,1
40800001,-0.80596,0.00346,0.193295,1
41000001,-0.80484,0.00302,0.19387,1
41200001,-0.80612,0.00466,0.19468,1
41400001,-0.8044,0.00648,0.193745,1
41600001,-0.80504,-6e-05,0.195495,1
41800001,-0.8056,-0.00084,0.195165,1
42000001,-0.80664,0.00404,0.19446,1
42200001,-0.804761,0.01038,0.194945,1
42400001,-0.808121,0.01294,0.19321,1
42600001,-0.805602,0.01648,0.194285,1
42800001,-0.805162,0.01686,0.195635,1
43000001,-0.805605,0.0238,0.195065,1.00001
43200001,-0.807045,0.0239,0.194315,1.00001
43400001,-0.804283,0.02056,0.194695,1
43600001,-0.804364,0.02112,0.1975,1
43800001,-0.804042,0.01366,0.195285,1
44000001,-0.804042,0.0154,0.196475,1
44200001,-0.805403,0.01972,0.19423,1
44400001,-0.805683,0.02022,0.195055,1
44600001,-0.807243,0.0201,0.19476,1
44800001,-0.804963,0.02046,0.19503,1
45000001,-0.805323,0.01972,0.196235,1
45200001,-0.805404,0.02216,0.19404,1
45400001,-0.806564,0.02352,0.19392,1.00001
45600001,-0.805284,0.02142,0.194515,1
45800001,-0.806885,0.02484,0.194985,1.00001
46000001,-0.807805,0.02594,0.194455,1.00001
46200001,-0.803926,0.02762,0.19417,1.00001
46400001,-0.803445,0.02556,0.195205,1.00001
46600001,-0.802807,0.0285,0.195135,1.00001
46800001,-0.803048,0.03182,0.19688,1.00001
47000001,-0.801886,0.02674,0.1989,1.00001
47200001,-0.803286,0.02662,0.19831,1.00001
47400001,-0.804723,0.02046,0.19593,1
47600001,-0.806202,0.01414,0.19364,1
47800001,-0.803241,0.01272,0.195825,1
48000001,-0.80256,0.00632,0.19795,1
48200001,-0.803841,0.00964,0.19726,1
48400001,-0.80364,0.00464,0.19602,1
48600001,-0.80548,0.00466,0.195495,1
48800001,-0.804201,0.01162,0.19609,1
49000001,-0.802481,0.0122,0.195855,1
49200001,-0.805721,0.0124,0.19556,1
49400001,-0.804521,0.01348,0.19322,1
49600001,-0.803081,0.01274,0.196485,1
49800001,-0.803962,0.01424,0.195445,1
50000001,-0.804962,0.01418,0.196365,1
50200001,-0.802042,0.01584,0.196415,1
50400001,-0.804162,0.01602,0.196195,1
50600001,-0.803843,0.01926,0.19606,1
50800001,-0.803163,0.02056,0.196735,1
51000001,-0.803561,0.01214,0.197585,1
51200001,-0.804521,0.00968,0.194165,1
51400001,-0.80488,0.00316,0.19681,1
51600001,-0.802681,0.00888,0.19507,1
51800001,-0.80164,0.0063,0.196745,1
52000001,-0.80428,0.00424,0.196325,1
52200001,-0.80268,0.00158,0.195885,1
52400001,-0.80524,-0.00128,0.195605,1
52600001,-0.80784,-0.0017,0.193495,1
52800001,-0.80416,-0.00534,0.19428,1
53000001,-0.80184,-0.00042,0.19565,1
53200001,-0.8028,-0.00144,0.198335,1
53400001,-0.80532,0.00048,0.19561,1
53600001,-0.80476,0.00216,0.19612,1
53800001,-0.80312,0.00652,0.19519,1
54000001,-0.80088,0.0041,0.197135,1
54200001,-0.80272,0.00708,0.197395,1
54400001,-0.80408,0.00262,0.196305,1
54600001,-0.80112,0.0011,0.1979,1
54800001,-0.8006,0.00136,0.196815,1
55000001,-0.80456,0.00112,0.19626,1
55200001,-0.80564,0.0018,0.19619,1
55400001,-0.80748,-0.00056,0.19378,1
55600001,-0.80492,-0.0049,0.193835,1
55800001,-0.8064,-0.0054,0.194445,1
56000001,-0.803961,-0.01032,0.19386,1
56200001,-0.805721,-0.00976,0.19476,1
56400001,-0.805961,-0.01016,0.19523,1
56600001,-0.805322,-0.01484,0.19527,1
56800001,-0.805602,-0.01496,0.19618,1
57000001,-0.804401,-0.01316,0.1974,1
57200001,-0.805602,-0.01436,0.19463,1
57400001,-0.807402,-0.01372,0.19401,1
57600001,-0.808641,-0.0107,0.193085,1
57800001,-0.806561,-0.0131,0.1938,1
58000001,-0.804721,-0.01234,0.19436,1
58200001,-0.806601,-0.00846,0.19408,1
58400001,-0.805401,-0.00834,0.19616,1
58600001,-0.804121,-0.01302,0.19565,1
58800001,-0.803641,-0.01264,0.195985,1
59000001,-0.802361,-0.0128,0.19566,1
59200001,-0.804001,-0.01268,0.19675,1
59400001,-0.803961,-0.01196,0.19551,1
59600001,-0.804441,-0.01144,0.19788,1
59800001,-0.804922,-0.01382,0.196325,1
60000001,-0.803322,-0.01462,0.19642,1
60200001,-0.803441,-0.00814,0.19673,1
60400001,-0.80252,-0.00274,0.19608,1
60600001,-0.80392,-0.00068,0.197195,1
60800001,-0.80268,-0.00274,0.197365,1
61000001,-0.80328,-0.00022,0.19721,1
61200001,-0.80484,0.00462,0.19666,1
61400001,-0.80428,0.00026,0.19664,1
61600001,-0.80684,-0.00102,0.1958,1
61800001,-0.80504,0.0032,0.194635,1
62000001,-0.80736,0.00684,0.19442,1
62200001,-0.8076,0.00354,0.192375,1
62400001,-0.805161,0.01306,0.19288,1
62600001,-0.807801,0.01322,0.1927,1
62800001,-0.807641,0.0111,0.19243,1
63000001,-0.805601,0.0117,0.19362,1
63200001,-0.80248,0.00564,0.194155,1
63400001,-0.804681,0.01066,0.196535,1
63600001,-0.803921,0.0117,0.19696,1
63800001,-0.804561,0.00912,0.196595,1
64000001,-0.803441,0.0103,0.196925,1
64200001,-0.805281,0.01084,0.194795,1
64400001,-0.803521,0.01126,0.195435,1
64600001,-0.802001,0.01286,0.1974,1
64800001,-0.803561,0.01334,0.19632,1
65000001,-0.802442,0.01374,0.19766,1
65200001,-0.803841,0.01034,0.19569,1
65400001,-0.803641,0.01154,0.19623,1
65600001,-0.802321,0.00884,0.197625,1
65800001,-0.801961,0.0082,0.19755,1
66000001,-0.802721,0.00984,0.19426,1
66200001,-0.80244,0.00104,0.19729,1
66400001,-0.80472,0.00098,0.198195,1
66600001,-0.80172,-0.00142,0.1962,1
66800001,-0.80564,-0.00162,0.19578,1
67000001,-0.80472,-0.00278,0.19563,1
67200001,-0.8034,-0.0015,0.19441,1
67400001,-0.80116,-0.00426,0.19731,1
67600001,-0.80352,-0.00248,0.197605,1
67800001,-0.80248,0.00156,0.19683,1
68000001,-0.803,0.00242,0.196505,1
68200001,-0.80432,0.00346,0.19498,1
68400001,-0.804961,0.00902,0.19622,1
68600001,-0.805122,0.01656,0.194405,1
68800001,-0.804922,0.01442,0.195325,1
69000001,-0.807681,0.01244,0.194745,1
69200001,-0.806201,0.01016,0.19332,1
69400001,-0.8052,0.00638,0.192325,1
69600001,-0.80692,0.00776,0.192135,1
69800001,-0.80836,0.0051,0.193845,1
70000001,-0.80828,0.00162,0.19142,1
70200001,-0.80536,0.00012,0.194375,1
70400001,-0.805041,0.0084,0.19486,1
70600001,-0.805,0.00544,0.19654,1
70800001,-0.805082,0.01582,0.193855,1
71000001,-0.80232,0.0041,0.19633,1
71200001,-0.80368,-0.0033,0.19702,1
71400001,-0.80312,0.00312,0.195915,1
71600001,-0.80428,-0.00024,0.19636,1
71800001,-0.80344,-4e-05,0.19544,1
72000001,-0.80292,-0.00596,0.19658,1
72200001,-0.8062,-0.00408,0.1951,1
72400001,-0.807201,-0.00794,0.193665,1
72600001,-0.80536,-0.00254,0.19565,1
72800001,-0.80472,-0.00568,0.197675,1
73000001,-0.80412,-0.00776,0.19477,1
73200001,-0.80192,-0.00752,0.19845,1
73400001,-0.805801,-0.00812,0.19483,1
73600001,-0.805161,-0.01012,0.19476,1
73800001,-0.803641,-0.0135,0.196865,1
74000001,-0.806761,-0.00824,0.194815,1
74200001,-0.804241,-0.00956,0.19292,1
74400001,-0.805561,-0.01178,0.195045,1
74600001,-0.806161,-0.01266,0.19428,1
74800001,-0.805521,-0.01144,0.195075,1
75000001,-0.80456,-0.00738,0.196475,1
75200001,-0.807201,-0.00968,0.195485,1
75400001,-0.805441,-0.01222,0.193325,1
75600001,-0.805841,-0.01084,0.194355,1
75800001,-0.804081,-0.0134,0.19367,1
76000001,-0.805401,-0.00994,0.194425,1
76200001,-0.8048,0.00174,0.19592,1
76400001,-0.80624,0.00494,0.19344,1
76600001,-0.804521,0.0097,0.19378,1
76800001,-0.803962,0.01526,0.1959,1
77000001,-0.801723,0.01838,0.19757,1
77200001,-0.803685,0.02422,0.19614,1.00001
77400001,-0.803002,0.01642,0.19742,1
77600001,-0.801801,0.01184,0.198165,1
77800001,-0.798961,0.00796,0.19974,1
78000001,-0.802441,0.00974,0.199425,1
78200001,-0.801842,0.0161,0.19604,1
78400001,-0.802161,0.00866,0.19675,1
78600001,-0.803602,0.01412,0.196865,1
78800001,-0.803401,0.01054,0.196755,1
79000001,-0.801761,0.01138,0.19567,1
79200001,-0.803763,0.0183,0.19751,1
79400001,-0.803641,0.01346,0.19627,1
79600001,-0.804641,0.01156,0.196945,1
79800001,-0.80588,0.00784,0.19628,1
80000001,-0.80508,0.002,0.19488,1
80200001,-0.80432,0.0019,0.195205,1
80400001,-0.80532,0.00426,0.1963,1
80600001,-0.80688,0.0064,0.193675,1
80800001,-0.806,0.00708,0.19374,1
81000001,-0.80544,0.00442,0.195755,1
81200001,-0.80628,0.00386,0.19592,1
81400001,-0.80496,0.00024,0.192805,1
81600001,-0.80504,-0.00492,0.19502,1
81800001,-0.80432,-0.00442,0.195115,1
82000001,-0.805,0.00432,0.194535,1
82200001,-0.80584,-0.00146,0.195245,1
82400001,-0.806041,-0.01048,0.194105,1
82600001,-0.80704,-0.00448,0.19411,1
82800001,-0.80572,-0.00328,0.19327,1
83000001,-0.80664,0.0003,0.193265,1
83200001,-0.8054,0.00434,0.19286,1
83400001,-0.8034,0.00626,0.19635,1
83600001,-0.803921,0.01186,0.19388,1
83800001,-0.806841,0.00814,0.19516,1
84000001,-0.808081,0.0094,0.193805,1
84200001,-0.807242,0.01378,0.193835,1
84400001,-0.803882,0.01538,0.19576,1
84600001,-0.805642,0.0144,0.195035,1
84800001,-0.806721,0.01028,0.19416,1
85000001,-0.80628,0.001,0.19556,1
85200001,-0.80648,-0.00288,0.19346,1
85400001,-0.80412,-0.0054,0.19541,1
85600001,-0.80352,-0.00736,0.1956,1
85800001,-0.80428,-0.00488,0.19509,1
86000001,-0.806081,-0.01114,0.194895,1
86200001,-0.80612,-0.00402,0.1935,1
86400001,-0.80736,-0.0045,0.19273,1
86600001,-0.8062,-0.00196,0.196045,1
86800001,-0.804921,-0.00942,0.196365,1
87000001,-0.80416,-0.00436,0.196365,1
87200001,-0.80244,-0.00444,0.19462,1
87400001,-0.80208,-0.00334,0.197235,1
87600001,-0.80692,-0.00318,0.19544,1
87800001,-0.80368,-0.0046,0.194295,1
88000001,-0.802481,-0.01046,0.197685,1
88200001,-0.801361,-0.01016,0.196425,1
88400001,-0.802321,-0.01106,0.195455,1
88600001,-0.802681,-0.01046,0.19576,1
88800001,-0.799601,-0.00998,0.19616,1
89000001,-0.80272,-0.00338,0.19915,1
89200001,-0.80184,0.00088,0.196905,1
89400001,-0.80272,0.00372,0.19732,1
89600001,-0.8012,0.0078,0.19693,1
89800001,-0.803361,0.00798,0.197815,1
90000001,-0.802681,0.01008,0.196755,1
90200001,-0.8042,0.00456,0.19597,1
90400001,-0.80776,0.0044,0.19494,1
90600001,-0.80612,0.00528,0.19441,1
90800001,-0.80456,0.004,0.19496,1
91000001,-0.806361,0.00996,0.19465,1
91200001,-0.806401,0.0089,0.192485,1
91400001,-0.806961,0.0083,0.19307,1
91600001,-0.805521,0.00968,0.196145,1
91800001,-0.806722,0.0145,0.193835,1
92000001,-0.802921,0.01056,0.195085,1
92200001,-0.80308,0.00722,0.197155,1
92400001,-0.80344,0.0018,0.194555,1
92600001,-0.80444,0.00474,0.197665,1
92800001,-0.80512,-0.00116,0.193545,1
93000001,-0.8062,-0.00396,0.19684,1
93200001,-0.80368,-0.00316,0.19459,1
93400001,-0.80344,-0.00762,0.197005,1
93600001,-0.80444,-0.00748,0.195855,1
93800001,-0.805,-0.00228,0.19463,1
94000001,-0.80404,-0.00076,0.19592,1
94200001,-0.80348,-0.00242,0.197475,1
94400001,-0.80888,-0.00188,0.193035,1
94600001,-0.8086,0.00288,0.19178,1
94800001,-0.80904,0.00096,0.19182,1
95000001,-0.8054,0.00076,0.19473,1
95200001,-0.80624,-0.00304,0.1945,1
95400001,-0.80672,-0.00366,0.192765,1
95600001,-0.80808,-0.00136,0.191715,1
95800001,-0.80728,-0.00044,0.19236,1
96000001,-0.80472,0.00114,0.192725,1
96200001,-0.8052,-0.00514,0.19504,1
96400001,-0.80556,-0.00324,0.193545,1
96600001,-0.80788,-0.00614,0.195105,1
96800001,-0.80684,0.0014,0.193435,1
97000001,-0.80672,-0.0033,0.193095,1
97200001,-0.80764,-0.00414,0.19197,1
97400001,-0.80296,0.00414,0.19474,1
97600001,-0.80324,-0.00166,0.19608,1
97800001,-0.80392,-0.0005,0.19861,1
98000001,-0.80252,2e-05,0.19727,1
98200001,-0.8026,0.00404,0.195595,1
98400001,-0.80536,0.00408,0.19672,1
98600001,-0.804201,0.00796,0.19556,1
98800001,-0.804441,0.01034,0.195785,1
99000001,-0.80424,0.00476,0.193745,1
99200001,-0.80372,-0.0027,0.197215,1
99400001,-0.8084,-0.00268,0.193655,1
99600001,-0.80144,-0.00392,0.195,1
99800001,-0.804,-0.00198,0.196635,1
100000001,-0.80396,-0.00482,0.19722,1
100200001,-0.8042,-0.0045,0.19543,1
100400001,-0.80232,-0.00176,0.195305,1
100600001,-0.80516,0.00436,0.19849,1
100800001,-0.80568,-0.00012,0.19702,1
101000001,-0.80456,0.00124,0.19603,1
101200001,-0.80472,0.0004,0.19576,1
101400001,-0.8084,-0.0028,0.19268,1
101600001,-0.8066,-0.00566,0.192775,1
101800001,-0.80588,-0.00542,0.19287,1
102000001,-0.80624,-0.00074,0.1942,1
102200001,-0.80732,-0.00556,0.194065,1
102400001,-0.807521,-0.0083,0.193505,1
102600001,-0.807121,-0.01226,0.19249,1
102800001,-0.807241,-0.0113,0.19255,1
103000001,-0.808361,-0.0128,0.193535,1
103200001,-0.805162,-0.01496,0.19201,1
103400001,-0.805081,-0.00824,0.19498,1
103600001,-0.80364,-0.00522,0.195165,1
103800001,-0.8058,-0.00656,0.194935,1
104000001,-0.807281,-0.01062,0.191945,1
104200001,-0.80604,-0.00696,0.192555,1
104400001,-0.804841,-0.01314,0.193165,1
104600001,-0.804081,-0.00822,0.19666,1
104800001,-0.805561,-0.01104,0.194815,1
105000001,-0.804961,-0.01036,0.19361,1
105200001,-0.803961,-0.00936,0.19393,1
105400001,-0.80568,-0.00464,0.19645,1
105600001,-0.80564,0.00012,0.19463,1
105800001,-0.801601,0.00822,0.197235,1
106000001,-0.8034,0.00276,0.195585,1
106200001,-0.80508,0.004,0.19555,1
106400001,-0.803201,0.01236,0.19736,1
106600001,-0.80404,0.00668,0.19673,1
106800001,-0.801881,0.01232,0.198,1
107000001,-0.80408,0.00686,0.197325,1
107200001,-0.80392,0.00774,0.19673,1
107400001,-0.80544,0.00396,0.195365,1
107600001,-0.807281,0.0093,0.192445,1
107800001,-0.80704,0.00036,0.192205,1
108000001,-0.80528,-0.00058,0.193945,1
108200001,-0.80768,6e-05,0.19358,1
108400001,-0.80576,0.00586,0.19334,1
108600001,-0.806401,0.00898,0.1951,1
108800001,-0.80728,0.00552,0.193855,1
109000001,-0.8044,-0.0026,0.19496,1
109200001,-0.80336,0.0018,0.1943,1
109400001,-0.80516,0.00426,0.194505,1
109600001,-0.80612,0.00758,0.19641,1
109800001,-0.80256,0.00586,0.19498,1
110000001,-0.80364,0.00414,0.19672,1
110200001,-0.80324,0.00138,0.1979,1
110400001,-0.80332,0.00392,0.197655,1
110600001,-0.80492,0.00298,0.196655,1
110800001,-0.8026,0.00506,0.19701,1
111000001,-0.80448,0.00568,0.197005,1
111200001,-0.80616,0.00664,0.19579,1
111400001,-0.80232,0.00564,0.19372,1
111600001,-0.80192,0.00028,0.19596,1
111800001,-0.80464,0.00228,0.19852,1
112000001,-0.803,-0.00358,0.195595,1
112200001,-0.8046,-0.00752,0.196965,1
112400001,-0.806441,-0.00916,0.19448,1
112600001,-0.805361,-0.00962,0.195095,1
112800001,-0.803721,-0.00912,0.195745,1
113000001,-0.802921,-0.0109,0.197355,1
113200001,-0.80368,-0.00512,0.197685,1
113400001,-0.803321,-0.01004,0.1954,1
113600001,-0.804361,-0.00848,0.19715,1
113800001,-0.803282,-0.01408,0.19549,1
114000001,-0.806241,-0.01276,0.19573,1
114200001,-0.806801,-0.01294,0.194945,1
114400001,-0.80456,-0.00748,0.194065,1
114600001,-0.806441,-0.01028,0.19491,1
114800001,-0.803921,-0.0109,0.196625,1
115000001,-0.805401,-0.01278,0.19329,1
115200001,-0.802762,-0.0158,0.194705,1
115400001,-0.805122,-0.015,0.19492,1
115600001,-0.803362,-0.0157,0.196275,1
115800001,-0.803722,-0.01474,0.19631,1
116000001,-0.802724,-0.0215,0.19542,1
116200001,-0.803722,-0.01688,0.197965,1
116400001,-0.804723,-0.01916,0.19589,1
116600001,-0.809321,-0.01348,0.19322,1
116800001,-0.805761,-0.01246,0.191825,1
117000001,-0.807441,-0.01096,0.195655,1
117200001,-0.805561,-0.01088,0.19434,1
117400001,-0.80488,-0.00686,0.195405,1
117600001,-0.806282,-0.01512,0.192145,1
117800001,-0.803042,-0.0168,0.19628,1
118000001,-0.804362,-0.01698,0.194155,1
118200001,-0.801961,-0.0122,0.197845,1
118400001,-0.801562,-0.01448,0.19775,1
118600001,-0.800681,-0.0114,0.1987,1
118800001,-0.79908,-0.00714,0.200015,1
119000001,-0.80212,-0.00236,0.195615,1
119200001,-0.80116,-0.00442,0.198255,1
119400001,-0.80144,-0.00482,0.19858,1
119600001,-0.801,-0.00648,0.198835,1
119800001,-0.800161,-0.00932,0.19895,1
120000001,-0.801001,-0.00898,0.198705,1
120200001,-0.801001,-0.00888,0.197915,1
120400001,-0.804201,-0.01098,0.195815,1
120600001,-0.801522,-0.0163,0.1965,1
120800001,-0.802683,-0.01906,0.19848,1
121000001,-0.802803,-0.02058,0.19511,1
121200001,-0.802964,-0.02162,0.19789,1
121400001,-0.801843,-0.01872,0.196845,1
121600001,-0.800361,-0.0134,0.19847,1
121800001,-0.802682,-0.0151,0.199335,1
122000001,-0.804322,-0.01434,0.19514,1
122200001,-0.804522,-0.01442,0.19572,1
122400001,-0.805522,-0.01508,0.194185,1
122600001,-0.805521,-0.01104,0.19271,1
122800001,-0.805042,-0.0141,0.191945,1
123000001,-0.803161,-0.01364,0.195975,1
123200001,-0.803961,-0.00808,0.19664,1
123400001,-0.806041,-0.00906,0.195825,1
123600001,-0.803881,-0.00896,0.196085,1
123800001,-0.806481,-0.00798,0.195715,1
124000001,-0.805361,-0.01156,0.193395,1
124200001,-0.807681,-0.01362,0.194025,1
124400001,-0.803162,-0.0161,0.19258,1
124600001,-0.803281,-0.0101,0.19614,1
124800001,-0.801801,-0.01348,0.194925,1
125000001,-0.801321,-0.0131,0.198515,1
125200001,-0.80276,-0.00726,0.19936,1
125400001,-0.802001,-0.01182,0.19915,1
125600001,-0.80348,-0.00578,0.1984,1
125800001,-0.80388,-0.00198,0.19552,1
126000001,-0.80436,-0.0015,0.19388,1
126200001,-0.80404,-0.00294,0.19507,1
126400001,-0.80232,0.0018,0.197775,1
126600001,-0.80408,-0.00124,0.19786,1
126800001,-0.80256,-0.0006,0.19638,1
127000001,-0.80272,-0.0066,0.19769,1
127200001,-0.80344,-0.00434,0.195825,1
127400001,-0.80224,-0.00756,0.197745,1
127600001,-0.802921,-0.0088,0.19598,1
127800001,-0.80408,-0.00704,0.19611,1
128000001,-0.8038,-0.00238,0.195115,1
128200001,-0.80604,-0.00502,0.19362,1
128400001,-0.805881,-0.01118,0.19477,1
128600001,-0.80284,-0.00734,0.19572,1
128800001,-0.80228,-0.00386,0.19763,1
129000001,-0.80472,0.00196,0.197605,1
129200001,-0.80368,-0.00056,0.19531,1
129400001,-0.80672,0.00134,0.196675,1
129600001,-0.80848,-0.0022,0.194505,1
129800001,-0.80676,0.00084,0.19237,1
130000001,-0.80612,-0.00578,0.192795,1
130200001,-0.804,0.0018,0.193975,1
130400001,-0.80684,-0.00222,0.194475,1
130600001,-0.80512,-0.00326,0.19413,1
130800001,-0.80456,-0.00248,0.195665,1
131000001,-0.805801,-0.00826,0.194985,1
131200001,-0.80688,-0.00756,0.191785,1
131400001,-0.805641,-0.012,0.19252,1
131600001,-0.805601,-0.01236,0.19574,1
131800001,-0.803361,-0.00864,0.19562,1
132000001,-0.804321,-0.00906,0.196355,1
132200001,-0.80852,-0.00586,0.19326,1
132400001,-0.80472,0.0003,0.19478,1
132600001,-0.80256,0.00202,0.19733,1
132800001,-0.80128,-0.00036,0.197055,1
133000001,-0.80116,-0.00176,0.19573,1
133200001,-0.80288,0.00052,0.19735,1
133400001,-0.80436,0.00488,0.1965,1
133600001,-0.80372,0.00634,0.196795,1
133800001,-0.80708,0.00132,0.192695,1
134000001,-0.80492,-0.0072,0.19332,1
134200001,-0.80228,-0.00656,0.19464,1
134400001,-0.802721,-0.0096,0.19601,1
134600001,-0.803961,-0.00826,0.194645,1
134800001,-0.80568,-0.002,0.195925,1
135000001,-0.80632,-0.00246,0.193745,1
135200001,-0.80572,0.00582,0.1937,1
135400001,-0.805041,0.00854,0.19541,1
135600001,-0.80416,0.00774,0.19462,1
135800001,-0.805601,0.01128,0.196305,1
136000001,-0.805721,0.0098,0.19335,1
136200001,-0.806801,0.01002,0.194985,1
136400001,-0.804441,0.00904,0.193185,1
136600001,-0.80156,0.00766,0.197725,1
136800001,-0.80328,0.0037,0.19576,1
137000001,-0.80212,-8e-05,0.197185,1
137200001,-0.80108,-2e-05,0.197395,1
137400001,-0.80164,-0.0055,0.19941,1
137600001,-0.80484,-0.00356,0.195115,1
137800001,-0.80452,-0.00178,0.195815,1
138000001,-0.80288,-0.0006,0.195475,1
138200001,-0.80244,-0.00196,0.19699,1
138400001,-0.80488,0.00192,0.19546,1
138600001,-0.80612,0.00664,0.19401,1
138800001,-0.80668,0.00094,0.195065,1
139000001,-0.80648,0.00114,0.19578,1
139200001,-0.80744,-0.00036,0.192375,1
139400001,-0.80412,0.0071,0.193835,1
139600001,-0.80408,0.007,0.195865,1
139800001,-0.80376,0.003,0.19577,1
140000001,-0.80172,0.00316,0.19833,1
140200001,-0.80172,0.00516,0.19984,1
140400001,-0.80196,0.00384,0.19848,1
140600001,-0.80184,0.00158,0.198245,1
140800001,-0.80576,0.00108,0.193815,1
141000001,-0.80328,-0.00062,0.197655,1
141200001,-0.80428,0.00096,0.195845,1
141400001,-0.80376,-0.00578,0.195425,1
141600001,-0.80308,-0.00158,0.19715,1
141800001,-0.8026,-0.00318,0.19716,1
142000001,-0.800641,-0.00892,0.195535,1
142200001,-0.80368,-0.00208,0.19756,1
142400001,-0.80456,0.00158,0.196335,1
142600001,-0.8038,-0.00486,0.19676,1
142800001,-0.803,0.00634,0.19683,1
143000001,-0.802841,0.00864,0.196065,1
143200001,-0.806401,0.01326,0.195985,1
143400001,-0.805241,0.0105,0.19515,1
143600001,-0.803761,0.00814,0.19696,1
143800001,-0.803921,0.01358,0.19697,1
144000001,-0.805162,0.01576,0.196015,1
144200001,-0.807922,0.01726,0.194635,1
144400001,-0.804965,0.0245,0.19374,1.00001
144600001,-0.805243,0.0182,0.194645,1
144800001,-0.802882,0.01398,0.195225,1
145000001,-0.802801,0.0122,0.195805,1
145200001,-0.803761,0.012,0.19585,1
145400001,-0.804003,0.01966,0.197045,1
145600001,-0.803762,0.01488,0.196245,1
145800001,-0.805321,0.01086,0.195905,1
146000001,-0.804801,0.0104,0.194715,1
146200001,-0.803801,0.0126,0.19756,1
146400001,-0.80448,0.00508,0.19659,1
146600001,-0.80564,0.0064,0.19537,1
146800001,-0.8064,0.00636,0.19306,1
147000001,-0.80836,0.00614,0.193715,1
147200001,-0.808201,0.00928,0.191845,1
147400001,-0.807562,0.01424,0.19149,1
147600001,-0.805882,0.01678,0.193585,1
147800001,-0.806921,0.01058,0.19476,1
148000001,-0.80672,0.00478,0.19226,1
148200001,-0.80644,0.0045,0.1935,1
148400001,-0.80508,0.004,0.193625,1
148600001,-0.80508,-0.00474,0.195505,1
148800001,-0.80352,-0.00554,0.19505,1
149000001,-0.80412,-0.0031,0.19671,1
149200001,-0.80472,-0.00314,0.19526,1
149400001,-0.80652,-0.0065,0.19312,1
149600001,-0.80308,-0.0072,0.195675,1
149800001,-0.80252,-0.00662,0.197285,1
150000001,-0.80688,-0.00186,0.19541,1
150200001,-0.80748,0.0011,0.19379,1
150400001,-0.80568,-0.00242,0.19431,1
150600001,-0.804,0.00396,0.193785,1
150800001,-0.8042,-0.00176,0.19516,1
151000001,-0.80428,0.00266,0.197265,1
151200001,-0.8034,-0.00362,0.19606,1
151400001,-0.80368,-0.0012,0.195965,1
151600001,-0.80344,0.00406,0.197275,1
151800001,-0.80496,0.0031,0.19423,1
152000001,-0.80324,0.00124,0.195165,1
152200001,-0.80396,0.00642,0.194775,1
152400001,-0.805161,0.00916,0.195645,1
152600001,-0.808162,0.01404,0.19475,1
152800001,-0.806601,0.0082,0.19272,1
153000001,-0.805761,0.00822,0.195405,1
153200001,-0.802482,0.01378,0.19627,1
153400001,-0.80484,0.0078,0.195735,1
153600001,-0.80756,0.00702,0.192895,1
153800001,-0.80376,0.00738,0.1954,1
154000001,-0.80736,0.0059,0.19354,1
154200001,-0.80716,0.00512,0.192575,1
154400001,-0.80964,0.00624,0.19254,1
154600001,-0.80736,0.00224,0.19145,1
154800001,-0.8056,0.0072,0.19408,1
155000001,-0.806722,0.0149,0.192195,1
155200001,-0.803841,0.01216,0.194755,1
155400001,-0.803081,0.01194,0.197375,1
155600001,-0.805241,0.0091,0.19548,1
155800001,-0.802682,0.01694,0.19603,1
156000001,-0.803642,0.0154,0.196235,1
156200001,-0.805122,0.0139,0.197275,1
156400001,-0.805521,0.00924,0.195615,1
156600001,-0.808401,0.00884,0.19319,1
156800001,-0.802921,0.00836,0.19384,1
157000001,-0.80364,0.00716,0.19646,1
157200001,-0.803361,0.00994,0.198075,1
157400001,-0.803042,0.01436,0.196585,1
157600001,-0.804801,0.01156,0.19552,1
157800001,-0.80524,0.00768,0.1943,1
158000001,-0.80692,0.00604,0.19445,1
158200001,-0.809,-0.00196,0.19031,1
158400001,-0.80964,-0.00114,0.191905,1
158600001,-0.8064,-0.00478,0.19234,1
158800001,-0.80756,-0.00762,0.19185,1
159000001,-0.80576,-0.00632,0.194195,1
159200001,-0.80396,-0.00508,0.19388,1
159400001,-0.80476,-0.00146,0.195995,1
159600001,-0.802961,-0.00842,0.1958,1
159800001,-0.80548,-0.00782,0.19599,1
160000001,-0.80296,-0.00708,0.194295,1
160200001,-0.804202,-0.01494,0.196145,1
160400001,-0.804523,-0.0205,0.19477,1
160600001,-0.804563,-0.01788,0.196315,1
160800001,-0.805603,-0.02034,0.192715,1
161000001,-0.804123,-0.01998,0.19681,1
161200001,-0.805203,-0.019,0.196375,1
161400001,-0.805562,-0.0168,0.19517,1
161600001,-0.808043,-0.01856,0.19436,1
161800001,-0.806123,-0.01786,0.193175,1
162000001,-0.803522,-0.01666,0.19596,1
162200001,-0.805521,-0.01324,0.194815,1
162400001,-0.810481,-0.01282,0.192345,1
162600001,-0.807002,-0.01742,0.1924,1
162800001,-0.804963,-0.0177,0.19409,1
163000001,-0.807243,-0.0181,0.19406,1
163200001,-0.807803,-0.01958,0.19305,1
163400001,-0.805763,-0.01946,0.19161,1
163600001,-0.804083,-0.01896,0.196095,1
163800001,-0.808723,-0.01798,0.193745,1
164000001,-0.805601,-0.00844,0.190395,1
164200001,-0.805401,-0.01152,0.1952,1
164400001,-0.807161,-0.01224,0.19325,1
164600001,-0.804921,-0.01242,0.192075,1
164800001,-0.805121,-0.00932,0.194115,1
165000001,-0.805841,-0.01056,0.19361,1
165200001,-0.805881,-0.0091,0.193235,1
165400001,-0.804561,-0.00792,0.195485,1
165600001,-0.80548,0.00034,0.194715,1
165800001,-0.807,-0.00174,0.1956,1
166000001,-0.80512,0.00088,0.194505,1
166200001,-0.8054,0.00414,0.195955,1
166400001,-0.80328,0.00042,0.19655,1
166600001,-0.80256,-0.00062,0.19725,1
166800001,-0.80592,0.00096,0.196245,1
167000001,-0.8054,0.00098,0.194845,1
167200001,-0.80152,0.00128,0.196695,1
167400001,-0.80504,-0.00014,0.195345,1
167600001,-0.80208,0.00224,0.194405,1
167800001,-0.8048,0.00132,0.1956,1
168000001,-0.80672,0.00136,0.19256,1
168200001,-0.80696,0.00458,0.190985,1
168400001,-0.80668,-0.00108,0.193225,1
168600001,-0.8056,0.00088,0.19298,1
168800001,-0.8078,0.00238,0.195235,1
169000001,-0.80624,-0.00502,0.19123,1
169200001,-0.8056,-0.00462,0.19542,1
169400001,-0.8054,-0.00564,0.194225,1
169600001,-0.808841,-0.01112,0.19265,1
169800001,-0.805281,-0.00902,0.193655,1
170000001,-0.804001,-0.01312,0.195285,1
170200001,-0.806361,-0.01188,0.19509,1
170400001,-0.806641,-0.01,0.19311,1
170600001,-0.806322,-0.01436,0.19254,1
170800001,-0.805881,-0.00974,0.194025,1
171000001,-0.804881,-0.01084,0.192615,1
171200001,-0.80656,-0.00554,0.193915,1
171400001,-0.80676,-0.00244,0.192625,1
171600001,-0.803,-0.00226,0.194075,1
171800001,-0.80464,-0.0041,0.19588,1
172000001,-0.80536,0.00054,0.19598,1
172200001,-0.80252,0.00562,0.19638,1
172400001,-0.80496,0.0034,0.196845,1
172600001,-0.804,0.0003,0.196415,1
172800001,-0.80536,0.00242,0.19414,1
173000001,-0.80272,0.0025,0.19812,1
173200001,-0.80356,0.00344,0.196875,1
173400001,-0.80712,-0.00186,0.196095,1
173600001,-0.80528,0.00098,0.19403,1
173800001,-0.8058,-0.00222,0.19342,1
174000001,-0.80692,-0.00124,0.193605,1
174200001,-0.80492,-0.0039,0.195945,1
174400001,-0.804561,-0.0086,0.197395,1
174600001,-0.804401,-0.00796,0.19637,1
174800001,-0.80408,-0.00546,0.196905,1
175000001,-0.80644,-0.0037,0.1949,1
175200001,-0.8066,0.0021,0.19467,1
175400001,-0.8062,-0.00438,0.19354,1
175600001,-0.80484,-0.00152,0.195135,1
175800001,-0.8056,-0.00018,0.195085,1
176000001,-0.80444,0.00626,0.19517,1
176200001,-0.806801,0.00992,0.195775,1
176400001,-0.803122,0.01646,0.194515,1
176600001,-0.804201,0.00818,0.19594,1
176800001,-0.80284,0.00428,0.196065,1
177000001,-0.8018,0.0043,0.198895,1
177200001,-0.80248,0.00706,0.19714,1
177400001,-0.80168,0.00176,0.197215,1
177600001,-0.80396,0.00092,0.19596,1
177800001,-0.80252,0.00152,0.19775,1
178000001,-0.80192,-0.00176,0.19773,1
178200001,-0.80584,-0.00258,0.197425,1
178400001,-0.80748,0.00544,0.194295,1
178600001,-0.8074,0.0074,0.19334,1
178800001,-0.80668,0.00622,0.194865,1
179000001,-0.80568,0.00598,0.19427,1
179200001,-0.80756,0.00404,0.192635,1
179400001,-0.80488,0.00646,0.194885,1
179600001,-0.803721,0.0086,0.193495,1
179800001,-0.804041,0.01214,0.197005,1
180000001,-0.802442,0.01502,0.1967,1
180200001,-0.804001,0.00908,0.197215,1
180400001,-0.803201,0.00906,0.195545,1
180600001,-0.802361,0.00834,0.19789,1
180800001,-0.80232,0.00574,0.19476,1
181000001,-0.80444,0.00496,0.196655,1
181200001,-0.80296,0.00326,0.193765,1
181400001,-0.80448,0.00654,0.19621,1
181600001,-0.8034,0.00456,0.196005,1
181800001,-0.80548,0.0073,0.198325,1
182000001,-0.807362,0.0173,0.19377,1
182200001,-0.808281,0.01072,0.192495,1
182400001,-0.80588,0.00736,0.19475,1
182600001,-0.80668,0.00738,0.195235,1
182800001,-0.805641,0.01086,0.19447,1
183000001,-0.8072,0.0057,0.19433,1
183200001,-0.80196,0.00262,0.19744,1
183400001,-0.80252,-0.00132,0.197845,1
183600001,-0.79984,0.00278,0.197535,1
183800001,-0.80152,-0.00138,0.19913,1
184000001,-0.80268,-0.00278,0.19756,1
184200001,-0.80548,-0.00534,0.19616,1
184400001,-0.805521,-0.00856,0.194045,1
184600001,-0.80568,-0.00594,0.195015,1
184800001,-0.8056,0.00298,0.19416,1
185000001,-0.8056,-0.0002,0.193415,1
185200001,-0.8088,0.00558,0.194745,1
185400001,-0.806,0.00664,0.195465,1
185600001,-0.806401,0.00958,0.193355,1
185800001,-0.80516,0.00486,0.19306,1
186000001,-0.80608,0.00408,0.194585,1
186200001,-0.8064,0.00304,0.19458,1
186400001,-0.80468,0.00108,0.19501,1
186600001,-0.808,-0.0028,0.1925,1
186800001,-0.80608,-0.00456,0.19371,1
187000001,-0.80784,-0.00388,0.19317,1
187200001,-0.8062,-0.0014,0.19367,1
187400001,-0.80592,0.00266,0.192515,1
187600001,-0.80672,0.00238,0.19545,1
187800001,-0.80632,0.00362,0.19223,1
188000001,-0.80524,0.00672,0.196005,1
188200001,-0.80508,-1.16755e-17,0.19636,1
188400001,-0.80632,-0.003,0.19563,1
188600001,-0.803961,-0.00798,0.193785,1
188800001,-0.803001,-0.0098,0.198505,1
189000001,-0.8026,-0.0061,0.196305,1
189200001,-0.800881,-0.00852,0.198095,1
189400001,-0.80352,-0.00784,0.19737,1
189600001,-0.80308,-0.006,0.1952,1
189800001,-0.802721,-0.0111,0.197165,1
190000001,-0.802921,-0.0104,0.198185,1
190200001,-0.801681,-0.0112,0.19749,1
190400001,-0.80604,-0.00484,0.19497,1
190600001,-0.80372,-0.0019,0.194015,1
190800001,-0.80596,-0.0043,0.19468,1
191000001,-0.80584,-0.00256,0.194345,1
191200001,-0.80584,-0.00188,0.19521,1
191400001,-0.80476,0.00056,0.19314,1
191600001,-0.80648,0.00268,0.19565,1
191800001,-0.80768,-0.00224,0.19112,1
192000001,-0.80536,-0.0054,0.19221,1
192200001,-0.80612,-0.00354,0.194235,1
192400001,-0.80396,-0.00288,0.194745,1
192600001,-0.8044,0.00308,0.19696,1
192800001,-0.80704,0.00208,0.19611,1
193000001,-0.8058,0.00326,0.194185,1
193200001,-0.80552,0.00414,0.19426,1
193400001,-0.8038,0.00218,0.19545,1
193600001,-0.80128,-0.0034,0.195705,1
193800001,-0.80012,-0.00284,0.19901,1
194000001,-0.80316,-0.00452,0.19946,1
194200001,-0.801081,-0.01076,0.1968,1
194400001,-0.79992,-0.0049,0.199635,1
194600001,-0.803481,-0.0087,0.19954,1
194800001,-0.80404,-0.00608,0.194595,1
195000001,-0.80528,-0.00712,0.19445,1
195200001,-0.806761,-0.0118,0.19473,1
195400001,-0.806121,-0.011,0.19405,1
195600001,-0.80636,0.00188,0.19444,1
195800001,-0.80588,0.00742,0.192875,1
196000001,-0.80596,0.00096,0.193695,1
196200001,-0.80504,0.00658,0.194685,1
196400001,-0.80508,0.00408,0.194485,1
196600001,-0.80492,0.00564,0.1953,1
196800001,-0.80288,0.00454,0.197705,1
197000001,-0.80376,-0.00332,0.195275,1
197200001,-0.80292,-0.00392,0.19848,1
197400001,-0.80444,-0.00284,0.19544,1
197600001,-0.8044,-0.00116,0.19684,1
197800001,-0.80572,0.00312,0.19482,1
198000001,-0.80476,-0.00234,0.193455,1
198200001,-0.80528,-0.00014,0.19441,1
198400001,-0.80488,-0.0031,0.19634,1
198600001,-0.80632,-0.0031,0.19636,1
198800001,-0.80596,-0.00198,0.19297,1
199000001,-0.80576,0.00052,0.195455,1
199200001,-0.80628,0.00432,0.1934,1
199400001,-0.80504,-0.00108,0.19519,1
199600001,-0.80712,0.00166,0.194985,1
199800001,-0.80696,-0.00386,0.19379,1
200000001,-0.804,-0.00446,0.1956,1
200200001,-0.80224,-0.00408,0.197265,1
200400001,-0.80316,-0.00488,0.19688,1
200600001,-0.803401,-0.01156,0.19718,1
200800001,-0.804161,-0.00914,0.198265,1
201000001,-0.803321,-0.012,0.195965,1
201200001,-0.802401,-0.00968,0.19582,1
201400001,-0.805,-0.00466,0.196655,1
201600001,-0.80656,-0.0062,0.193465,1
201800001,-0.805081,-0.01048,0.19421,1
202000001,-0.804281,-0.0131,0.193495,1
202200001,-0.806282,-0.01532,0.193535,1
202400001,-0.805362,-0.01448,0.19596,1
202600001,-0.806761,-0.01282,0.194845,1
202800001,-0.807842,-0.0138,0.192935,1
203000001,-0.80764,-0.00734,0.191025,1
203200001,-0.80504,-0.00446,0.19276,1
203400001,-0.8074,0.00576,0.193225,1
203600001,-0.8068,0.00188,0.19175,1
203800001,-0.80424,0.00482,0.193735,1
204000001,-0.805601,0.01088,0.193955,1
204200001,-0.80788,0.00776,0.19395,1
204400001,-0.80524,0.00166,0.194405,1
204600001,-0.80372,-0.0003,0.19616,1
204800001,-0.80192,-0.00202,0.19711,1
205000001,-0.80284,-0.00236,0.194915,1
205200001,-0.80528,0.00472,0.1958,1
205400001,-0.80164,-0.0013,0.197305,1
205600001,-0.80324,-0.0041,0.19689,1
205800001,-0.80272,-0.00184,0.197765,1
206000001,-0.80468,0.00298,0.196775,1
206200001,-0.80548,0.00682,0.19528,1
206400001,-0.804201,0.0093,0.19536,1
206600001,-0.804081,0.01362,0.1968,1
206800001,-0.803442,0.0153,0.19565,1
207000001,-0.804001,0.01136,0.195065,1
207200001,-0.802282,0.01636,0.19684,1
207400001,-0.8048,0.00532,0.19584,1
207600001,-0.80308,0.00646,0.196405,1
207800001,-0.80388,0.00154,0.1958,1
208000001,-0.80568,0.0019,0.19465,1
208200001,-0.804,-0.00018,0.19527,1
208400001,-0.80488,0.0003,0.19323,1
208600001,-0.8054,0.00604,0.193635,1
208800001,-0.80716,0.00604,0.19299,1
209000001,-0.80684,0.00696,0.19403,1
209200001,-0.807361,0.01294,0.192585,1
209400001,-0.808721,0.01098,0.19098,1
209600001,-0.80848,0.0076,0.192535,1
209800001,-0.809,0.0046,0.19148,1
210000001,-0.809,-0.00052,0.19076,1
210200001,-0.80584,-0.00066,0.192265,1
210400001,-0.80672,-0.00222,0.19584,1
210600001,-0.80504,0.00112,0.194105,1
210800001,-0.804,0.00312,0.19589,1
211000001,-0.8038,0.0028,0.19671,1
211200001,-0.807801,0.01118,0.194725,1
211400001,-0.805441,0.01252,0.192375,1
211600001,-0.80168,0.00716,0.19455,1
211800001,-0.80376,0.00466,0.195975,1
212000001,-0.803441,0.01094,0.19689,1
212200001,-0.805481,0.0124,0.193155,1
212400001,-0.807402,0.0172,0.1954,1
212600001,-0.805201,0.01296,0.19335,1
212800001,-0.80548,0.00698,0.195255,1
213000001,-0.80624,0.00354,0.19504,1
213200001,-0.80928,0.00524,0.194445,1
213400001,-0.80636,-0.00308,0.1925,1
213600001,-0.80492,-0.00262,0.195205,1
213800001,-0.80552,-0.00396,0.196035,1
214000001,-0.80276,-0.00474,0.196625,1
214200001,-0.80376,-0.00542,0.19841,1
214400001,-0.80632,0.0023,0.19575,1
214600001,-0.80276,0.00654,0.19596,1
214800001,-0.80408,0.00752,0.196695,1
215000001,-0.80396,0.00578,0.195155,1
215200001,-0.80484,0.0077,0.19654,1
215400001,-0.80336,0.00644,0.196745,1
215600001,-0.804681,0.01326,0.195775,1
215800001,-0.805841,0.011,0.192025,1
216000001,-0.805361,0.0112,0.19198,1
216200001,-0.807641,0.01004,0.19255,1
216400001,-0.805761,0.00848,0.19232,1
216600001,-0.808681,0.00998,0.192915,1
216800001,-0.804721,0.01102,0.19317,1
217000001,-0.8066,0.00748,0.193345,1
217200001,-0.80688,0.00704,0.19398,1
217400001,-0.80608,4e-05,0.19284,1
217600001,-0.80556,0.00426,0.192225,1
217800001,-0.8034,0.00416,0.195755,1
218000001,-0.80292,0.00482,0.196355,1
218200001,-0.80244,0.00424,0.197255,1
218400001,-0.801481,0.00844,0.19639,1
218600001,-0.803242,0.01678,0.195775,1
218800001,-0.804362,0.01496,0.197105,1
219000001,-0.804761,0.01026,0.197045,1
219200001,-0.804401,0.00912,0.196135,1
219400001,-0.801281,0.01012,0.19737,1
219600001,-0.803561,0.00916,0.19785,1
219800001,-0.80356,-0.0014,0.19471,1
220000001,-0.80484,-0.00058,0.195275,1
220200001,-0.8078,0.00236,0.192875,1
220400001,-0.80608,0.00408,0.19251,1
220600001,-0.80248,0.00188,0.19551,1
220800001,-0.80332,0.00018,0.194875,1
221000001,-0.80192,0.00476,0.197095,1
221200001,-0.800681,0.01012,0.19913,1
221400001,-0.803122,0.01556,0.19784,1
221600001,-0.802321,0.00804,0.19735,1
221800001,-0.803041,0.01316,0.19889,1
222000001,-0.801121,0.00962,0.198605,1
222200001,-0.799521,0.00902,0.19982,1
222400001,-0.8022,0.00566,0.19881,1
222600001,-0.803881,0.00866,0.19698,1
222800001,-0.801201,0.01252,0.197655,1
223000001,-0.799001,0.0096,0.2021,1
223200001,-0.79812,0.00632,0.20282,1
223400001,-0.79848,0.00282,0.198635,1
223600001,-0.80032,0.00698,0.19996,1
223800001,-0.802281,0.00924,0.197585,1
224000001,-0.80648,0.00614,0.195625,1
224200001,-0.8042,0.00492,0.195235,1
224400001,-0.80232,0.00458,0.197325,1
224600001,-0.803881,0.00834,0.19599,1
224800001,-0.802841,0.01284,0.197745,1
225000001,-0.805242,0.01662,0.195595,1
225200001,-0.803762,0.01618,0.19505,1
225400001,-0.803561,0.01002,0.19602,1
225600001,-0.804121,0.00918,0.19615,1
225800001,-0.805921,0.00822,0.19558,1
226000001,-0.806921,0.01026,0.19446,1
226200001,-0.806161,0.0136,0.193755,1
226400001,-0.801722,0.014,0.19639,1
226600001,-0.803241,0.01108,0.19751,1
226800001,-0.80344,0.00664,0.19687,1
227000001,-0.80612,0.0059,0.196395,1
227200001,-0.80484,-8e-05,0.194085,1
227400001,-0.806,0.0016,0.19324,1
227600001,-0.80368,0.0013,0.194875,1
227800001,-0.80704,0.00718,0.19578,1
228000001,-0.806481,0.0086,0.195485,1
228200001,-0.806721,0.01208,0.19327,1
228400001,-0.807241,0.009,0.19339,1
228600001,-0.805081,0.00862,0.194005,1
228800001,-0.802602,0.01416,0.195135,1
229000001,-0.804603,0.01828,0.19412,1
229200001,-0.805762,0.01592,0.19576,1
229400001,-0.804481,0.01108,0.19388,1
229600001,-0.805,0.007,0.19446,1
229800001,-0.805401,0.00882,0.192605,1
230000001,-0.80508,-0.00028,0.196055,1
230200001,-0.79936,-0.00016,0.19702,1
230400001,-0.80016,-0.00348,0.19976,1
230600001,-0.8038,0.00094,0.197995,1
230800001,-0.80792,0.00484,0.193105,1
231000001,-0.809441,0.01068,0.19214,1
231200001,-0.809121,0.01152,0.19165,1
231400001,-0.803522,0.01516,0.1954,1
231600001,-0.802523,0.01856,0.19724,1
231800001,-0.803884,0.0225,0.196775,1.00001
232000001,-0.803924,0.0219,0.19575,1
232200001,-0.801724,0.02368,0.196135,1.00001
232400001,-0.803164,0.02228,0.19845,1
232600001,-0.804404,0.02276,0.19594,1.00001
232800001,-0.803245,0.02376,0.19463,1.00001
233000001,-0.800527,0.02968,0.19691,1.00001
233200001,-0.802289,0.03286,0.197755,1.00001
233400001,-0.801927,0.02948,0.198105,1.00001
233600001,-0.802203,0.01778,0.195605,1
233800001,-0.804562,0.01756,0.197445,1
234000001,-0.803961,0.0133,0.193255,1
234200001,-0.803762,0.01476,0.194345,1
234400001,-0.799763,0.0187,0.198125,1
234600001,-0.800001,0.01296,0.200735,1
234800001,-0.801922,0.01644,0.19846,1
235000001,-0.804202,0.01568,0.19717,1
235200001,-0.803122,0.01438,0.195575,1
235400001,-0.804281,0.00892,0.197355,1
235600001,-0.80548,0.0071,0.194215,1
235800001,-0.805281,0.01158,0.19541,1
236000001,-0.805481,0.01244,0.192935,1
236200001,-0.80528,0.00338,0.193815,1
236400001,-0.80628,0.00632,0.194585,1
236600001,-0.80396,0.00634,0.195005,1
236800001,-0.806441,0.0093,0.19537,1
237000001,-0.806041,0.01118,0.19389,1
237200001,-0.806361,0.0088,0.194005,1
237400001,-0.805,0.0072,0.19294,1
237600001,-0.804561,0.01032,0.19395,1
237800001,-0.803561,0.0107,0.197615,1
238000001,-0.80216,0.00318,0.19737,1
238200001,-0.80412,0.00196,0.196775,1
238400001,-0.80512,0.00032,0.19494,1
238600001,-0.80548,-0.0004,0.19313,1
238800001,-0.80572,-0.0031,0.194485,1
239000001,-0.80284,-0.00412,0.195795,1
239200001,-0.80456,-0.00444,0.19582,1
239400001,-0.802,-0.0063,0.195405,1
239600001,-0.803881,-0.01122,0.19655,1
239800001,-0.80468,-0.0064,0.196015,1
240000001,-0.805241,-0.00936,0.19455,1
240200001,-0.8038,-0.00202,0.197835,1
240400001,-0.805002,-0.01408,0.195635,1
240600001,-0.803801,-0.01288,0.19603,1
240800001,-0.80172,-0.0048,0.19813,1
241000001,-0.803041,-0.01,0.1973,1
241200001,-0.80212,-0.00356,0.19784,1
241400001,-0.80228,-0.0067,0.196415,1
241600001,-0.80448,-0.0058,0.196075,1
241800001,-0.80604,0.00226,0.196205,1
242000001,-0.804,0.00352,0.196365,1
242200001,-0.80036,0.00464,0.19732,1
242400001,-0.8062,0.00576,0.19458,1
242600001,-0.80728,0.00724,0.1935,1
242800001,-0.80852,0.00474,0.190675,1
243000001,-0.80776,0.0047,0.19001,1
243200001,-0.8076,0.00626,0.19069,1
243400001,-0.811081,0.00792,0.191145,1
243600001,-0.80764,0.0044,0.18969,1
243800001,-0.80404,0.0071,0.194625,1
244000001,-0.8056,0.00126,0.19355,1
244200001,-0.80776,-0.00044,0.192495,1
244400001,-0.8052,0.0044,0.19277,1
244600001,-0.80504,0.00418,0.195565,1
244800001,-0.80504,0.0026,0.196345,1
245000001,-0.80604,-0.00708,0.19554,1
245200001,-0.80416,-0.00504,0.19588,1
245400001,-0.805,-0.00672,0.19572,1
245600001,-0.80392,-0.00264,0.19537,1
245800001,-0.80564,-0.00574,0.195195,1
246000001,-0.8054,-0.00566,0.19311,1
246200001,-0.80712,-0.00372,0.194515,1
246400001,-0.80688,0.00098,0.192175,1
246600001,-0.80528,0.00464,0.192495,1
246800001,-0.806561,0.01048,0.19271,1
247000001,-0.806,0.00614,0.192095,1
247200001,-0.80476,2e-05,0.19448,1
247400001,-0.80544,-0.00176,0.194325,1
247600001,-0.80508,-0.00048,0.19432,1
247800001,-0.80416,0.00294,0.195255,1
248000001,-0.80416,-0.00076,0.195775,1
248200001,-0.80192,0.00312,0.1963,1
248400001,-0.80308,0.00592,0.19701,1
248600001,-0.80152,-0.00388,0.19646,1
248800001,-0.80192,-0.00534,0.201185,1
249000001,-0.80068,-0.005,0.198645,1
249200001,-0.80212,-0.00764,0.199,1
249400001,-0.802881,-0.00858,0.196945,1
249600001,-0.80364,-0.00756,0.197805,1
249800001,-0.80296,-0.00496,0.19669,1
250000001,-0.80364,-0.00618,0.198495,1
250200001,-0.804481,-0.00842,0.19671,1
250400001,-0.80152,-0.00528,0.197585,1
250600001,-0.80348,0.00236,0.19771,1
250800001,-0.80184,0.00332,0.19661,1
251000001,-0.80132,0.0042,0.19789,1
251200001,-0.80112,-0.00198,0.198715,1
251400001,-0.80436,-0.00604,0.197215,1
251600001,-0.807,0.0014,0.19259,1
251800001,-0.80388,0.00054,0.192775,1
252000001,-0.80632,0.0034,0.194635,1
252200001,-0.80588,0.00346,0.192525,1
252400001,-0.8076,0.00726,0.19376,1
252600001,-0.806361,0.01148,0.194695,1
252800001,-0.803161,0.0136,0.19536,1
253000001,-0.803602,0.01404,0.19562,1
253200001,-0.803762,0.01398,0.196245,1
253400001,-0.802681,0.01144,0.198145,1
253600001,-0.799642,0.01726,0.198195,1
253800001,-0.805363,0.02056,0.197665,1
254000001,-0.807123,0.0185,0.194885,1
254200001,-0.804042,0.01536,0.195275,1
254400001,-0.803642,0.01486,0.197975,1
254600001,-0.801802,0.0143,0.19754,1
254800001,-0.804001,0.00868,0.196585,1
255000001,-0.807122,0.01518,0.193295,1
255200001,-0.808243,0.01776,0.193495,1
255400001,-0.808443,0.01864,0.1931,1
255600001,-0.808322,0.01538,0.192695,1
255800001,-0.807081,0.01082,0.19192,1
256000001,-0.806081,0.01106,0.19286,1
256200001,-0.805602,0.01438,0.19586,1
256400001,-0.806041,0.01016,0.193795,1
256600001,-0.807081,0.0116,0.19255,1
256800001,-0.80668,0.0024,0.19549,1
257000001,-0.805881,0.00898,0.194635,1
257200001,-0.80384,0.00084,0.197675,1
257400001,-0.80268,-0.00336,0.196,1
257600001,-0.803201,-0.01206,0.196625,1
257800001,-0.803561,-0.01256,0.195765,1
258000001,-0.804442,-0.014,0.19655,1
258200001,-0.805121,-0.01032,0.19443,1
258400001,-0.804002,-0.01628,0.19716,1
258600001,-0.802481,-0.01074,0.196655,1
258800001,-0.80352,-0.00668,0.196645,1
259000001,-0.8062,-0.00542,0.195455,1
259200001,-0.80696,-0.00734,0.19167,1
259400001,-0.803801,-0.00872,0.194065,1
259600001,-0.804361,-0.01208,0.19596,1
259800001,-0.804202,-0.01392,0.19471,1
260000001,-0.804361,-0.00892,0.19477,1
260200001,-0.800761,-0.00908,0.19728,1
260400001,-0.80196,-0.00606,0.197615,1
260600001,-0.80436,-0.00454,0.19682,1
260800001,-0.80572,-0.00608,0.196235,1
261000001,-0.8042,-0.00768,0.19697,1
261200001,-0.805921,-0.01016,0.19529,1
261400001,-0.808682,-0.01586,0.192555,1
261600001,-0.808963,-0.01922,0.1915,1
261800001,-0.806524,-0.02308,0.192585,1.00001
262000001,-0.804002,-0.01756,0.19415,1
262200001,-0.807084,-0.02166,0.192995,1
262400001,-0.806804,-0.02114,0.19422,1
262600001,-0.804687,-0.03042,0.194,1.00001
262800001,-0.802167,-0.0291,0.19684,1.00001
263000001,-0.802086,-0.02804,0.197795,1.00001
263200001,-0.805405,-0.02538,0.196795,1.00001
263400001,-0.804566,-0.02818,0.19566,1.00001
263600001,-0.804364,-0.02232,0.195085,1
263800001,-0.802565,-0.02468,0.19702,1.00001
264000001,-0.803166,-0.02734,0.196555,1.00001
264200001,-0.801405,-0.0258,0.199825,1.00001
264400001,-0.801646,-0.0269,0.198395,1.00001
264600001,-0.801086,-0.02668,0.197165,1.00001
264800001,-0.801769,-0.03364,0.19778,1.00001
265000001,-0.803771,-0.03636,0.19585,1.00001
265200001,-0.803127,-0.02876,0.19699,1.00001
265400001,-0.802767,-0.02852,0.19821,1.00001
265600001,-0.803925,-0.02484,0.19645,1.00001
265800001,-0.805122,-0.01512,0.19571,1
266000001,-0.804362,-0.01578,0.192945,1
266200001,-0.805,-0.0048,0.194115,1
266400001,-0.80732,-0.00092,0.19541,1
266600001,-0.8072,0.00108,0.19378,1
266800001,-0.803881,-0.01068,0.19714,1
267000001,-0.80348,-0.0069,0.197255,1
267200001,-0.80504,-0.00578,0.19604,1
267400001,-0.80412,-0.00314,0.19411,1
267600001,-0.80356,-0.00472,0.193815,1
267800001,-0.80364,-0.00536,0.19632,1
268000001,-0.80384,-0.00454,0.196915,1
268200001,-0.807,-0.00392,0.195725,1
268400001,-0.80504,-0.00344,0.19238,1
268600001,-0.80464,-0.00618,0.193625,1
268800001,-0.808121,-0.01046,0.19275,1
269000001,-0.807121,-0.0102,0.195115,1
269200001,-0.80576,-0.00436,0.19395,1
269400001,-0.80724,-0.00296,0.19218,1
269600001,-0.80624,-0.00044,0.19335,1
269800001,-0.80736,0.00498,0.193645,1
270000001,-0.80736,-0.00538,0.19467,1
270200001,-0.80796,-0.00414,0.19245,1
270400001,-0.80736,-0.00306,0.19382,1
270600001,-0.80568,-0.00172,0.192625,1
270800001,-0.80724,0.00018,0.193725,1
271000001,-0.80824,0.0016,0.192695,1
271200001,-0.80852,0.00324,0.19363,1
271400001,-0.80576,0.00784,0.1944,1
271600001,-0.805322,0.01474,0.197945,1
271800001,-0.807121,0.0118,0.192855,1
272000001,-0.806003,0.0192,0.19332,1
272200001,-0.805164,0.02204,0.19352,1
272400001,-0.803204,0.02256,0.19807,1.00001
272600001,-0.803243,0.01828,0.19465,1
272800001,-0.801682,0.01716,0.19824,1
273000001,-0.801603,0.01912,0.19741,1
273200001,-0.804842,0.01718,0.197505,1
273400001,-0.804681,0.01198,0.19431,1
273600001,-0.80372,0.00612,0.197795,1
273800001,-0.805201,0.01046,0.195135,1
274000001,-0.80556,0.00614,0.19444,1
274200001,-0.80516,0.0055,0.19567,1
274400001,-0.80352,0.00346,0.19643,1
274600001,-0.8032,-0.0016,0.195535,1
274800001,-0.80488,0.00096,0.19473,1
275000001,-0.80748,0.00224,0.1941,1
275200001,-0.80572,0.00046,0.193175,1
275400001,-0.80636,0.00124,0.194085,1
275600001,-0.80792,0.00622,0.193885,1
275800001,-0.80776,-0.00026,0.19273,1
276000001,-0.80512,-0.00202,0.19369,1
276200001,-0.8068,-0.00374,0.19396,1
276400001,-0.80396,-0.0047,0.19392,1
276600001,-0.80456,-0.007,0.196605,1
276800001,-0.803201,-0.00808,0.19686,1
277000001,-0.8038,-0.00658,0.196625,1
277200001,-0.806601,-0.0083,0.19543,1
277400001,-0.805761,-0.01086,0.19452,1
277600001,-0.805001,-0.01248,0.193365,1
277800001,-0.805441,-0.00942,0.195065,1
278000001,-0.807602,-0.01536,0.193065,1
278200001,-0.805322,-0.01612,0.19451,1
278400001,-0.808322,-0.01754,0.193255,1
278600001,-0.807363,-0.01958,0.19221,1
278800001,-0.805922,-0.01636,0.194315,1
279000001,-0.805883,-0.0181,0.193165,1
279200001,-0.802842,-0.01592,0.196145,1
279400001,-0.805042,-0.01386,0.193635,1
279600001,-0.802642,-0.01672,0.194665,1
279800001,-0.801923,-0.019,0.19782,1
280000001,-0.803681,-0.01344,0.19572,1
280200001,-0.803522,-0.01644,0.19632,1
280400001,-0.805681,-0.01142,0.196595,1
280600001,-0.802801,-0.01194,0.19575,1
280800001,-0.800564,-0.02256,0.197395,1.00001
281000001,-0.805684,-0.02224,0.19814,1
281200001,-0.801522,-0.0144,0.19641,1
281400001,-0.803201,-0.00928,0.19606,1
281600001,-0.8038,-0.0031,0.196295,1
281800001,-0.80576,-0.00458,0.19553,1
282000001,-0.80512,-0.0078,0.193875,1
282200001,-0.80524,-0.00756,0.196,1
282400001,-0.80624,-0.00234,0.195365,1
282600001,-0.80296,-0.00348,0.195895,1
282800001,-0.80552,-0.00514,0.193655,1
283000001,-0.80608,-0.0035,0.19419,1
283200001,-0.80456,-0.00412,0.193565,1
283400001,-0.804841,-0.00838,0.193955,1
283600001,-0.807322,-0.01668,0.195335,1
283800001,-0.802522,-0.01534,0.196335,1
284000001,-0.804042,-0.01704,0.196845,1
284200001,-0.804603,-0.0185,0.195715,1
284400001,-0.801962,-0.01444,0.196475,1
284600001,-0.802002,-0.01688,0.19764,1
284800001,-0.802241,-0.012,0.19804,1
285000001,-0.799362,-0.01598,0.198325,1
285200001,-0.802361,-0.01254,0.198,1
285400001,-0.804681,-0.01256,0.196635,1
285600001,-0.806361,-0.01362,0.195395,1
285800001,-0.806521,-0.01232,0.194605,1
286000001,-0.805442,-0.01448,0.19506,1
286200001,-0.807001,-0.00912,0.19208,1
286400001,-0.807121,-0.01152,0.19298,1
286600001,-0.80844,-0.00692,0.1919,1
286800001,-0.806561,-0.01044,0.19508,1
287000001,-0.806762,-0.01562,0.193795,1
287200001,-0.804404,-0.02098,0.19606,1
287400001,-0.806202,-0.0159,0.19568,1
287600001,-0.807241,-0.01282,0.19172,1
287800001,-0.805441,-0.01288,0.192995,1
288000001,-0.805242,-0.01634,0.194115,1
288200001,-0.806323,-0.01918,0.19395,1
288400001,-0.803963,-0.01956,0.196345,1
288600001,-0.803844,-0.02314,0.196175,1.00001
288800001,-0.802443,-0.01824,0.197175,1
289000001,-0.802882,-0.01442,0.197665,1
289200001,-0.804882,-0.01626,0.19593,1
289400001,-0.803441,-0.01296,0.195075,1
289600001,-0.801522,-0.0165,0.197595,1
289800001,-0.80128,-0.00676,0.199645,1
290000001,-0.8054,-0.0005,0.194885,1
290200001,-0.80536,-0.00062,0.19632,1
290400001,-0.80496,0.00382,0.19231,1
290600001,-0.80568,0.00284,0.194685,1
290800001,-0.80408,0.0006,0.19639,1
291000001,-0.80372,0.0078,0.19662,1
291200001,-0.80436,0.0078,0.19827,1
291400001,-0.80708,0.003,0.19484,1
291600001,-0.80488,0.00132,0.19338,1
291800001,-0.80592,0.00188,0.19452,1
292000001,-0.80756,-0.00614,0.192075,1
292200001,-0.8036,-0.00282,0.19293,1
292400001,-0.80548,-0.00324,0.195775,1
292600001,-0.80464,-0.00412,0.19731,1
292800001,-0.80428,-0.00552,0.19645,1
293000001,-0.804361,-0.00828,0.1961,1
293200001,-0.802321,-0.00974,0.195485,1
293400001,-0.80392,-0.00638,0.19768,1
293600001,-0.804,-0.00026,0.19652,1
293800001,-0.80692,0.0032,0.196225,1
294000001,-0.802921,0.00994,0.195715,1
294200001,-0.804442,0.01544,0.195995,1
294400001,-0.804561,0.0124,0.19674,1
294600001,-0.804122,0.01422,0.194685,1
294800001,-0.803881,0.009,0.196235,1
295000001,-0.802721,0.01,0.19668,1
295200001,-0.804521,0.00956,0.19586,1
295400001,-0.805281,0.01124,0.19545,1
295600001,-0.804121,0.00992,0.1961,1
295800001,-0.804162,0.01484,0.19564,1
296000001,-0.807041,0.01154,0.196185,1
296200001,-0.806361,0.00822,0.19088,1
296400001,-0.807681,0.01314,0.1911,1
296600001,-0.808881,0.01278,0.1924,1
296800001,-0.805281,0.0127,0.19334,1
297000001,-0.807961,0.01188,0.192425,1
297200001,-0.80388,0.00742,0.192865,1
297400001,-0.806721,0.00952,0.193835,1
297600001,-0.806122,0.01518,0.193035,1
297800001,-0.809323,0.02042,0.19215,1
298000001,-0.806603,0.02,0.192455,1
298200001,-0.807563,0.01876,0.19318,1
298400001,-0.806322,0.01626,0.193705,1
298600001,-0.805721,0.00986,0.19359,1
298800001,-0.805521,0.00808,0.195235,1
299000001,-0.805842,0.01404,0.19527,1
299200001,-0.807001,0.01346,0.191895,1
299400001,-0.804562,0.01428,0.193995,1
299600001,-0.804641,0.01036,0.19749,1
299800001,-0.806001,0.0114,0.19406,1
300000001,-0.80504,0.0077,0.193045,1
300200001,-0.80716,-0.00032,0.193625,1
300400001,-0.80392,-0.00414,0.194975,1
300600001,-0.80444,-0.0018,0.196515,1
300800001,-0.80464,-0.00268,0.1948,1
301000001,-0.80196,0.0035,0.197335,1
301200001,-0.80492,0.00512,0.195595,1
301400001,-0.80316,0.00494,0.195235,1
301600001,-0.80164,0.00782,0.19743,1
301800001,-0.802041,0.0112,0.198055,1
302000001,-0.802681,0.01052,0.19725,1
302200001,-0.801402,0.01416,0.19628,1
302400001,-0.804361,0.00896,0.19819,1
302600001,-0.801361,0.00918,0.197865,1
302800001,-0.80108,0.00416,0.198015,1
303000001,-0.80356,-0.00066,0.196365,1
303200001,-0.80464,-0.0007,0.19573,1
303400001,-0.80356,-0.0035,0.19812,1
303600001,-0.8018,-0.00328,0.196495,1
303800001,-0.80172,-0.0039,0.199615,1
304000001,-0.80384,-0.0044,0.198705,1
304200001,-0.80284,-0.00572,0.1948,1
304400001,-0.799441,-0.0111,0.199855,1
304600001,-0.803843,-0.0206,0.197845,1
304800001,-0.806643,-0.02062,0.196375,1
305000001,-0.803602,-0.01514,0.19558,1
305200001,-0.805081,-0.01342,0.19553,1
305400001,-0.802481,-0.01312,0.195365,1
305600001,-0.807362,-0.01526,0.193885,1
305800001,-0.80624,-0.00658,0.19303,1
306000001,-0.8032,-0.00482,0.19383,1
306200001,-0.80368,-0.00322,0.19649,1
306400001,-0.80416,-0.00204,0.197685,1
306600001,-0.80436,0.002,0.1955,1
306800001,-0.80844,0.00388,0.19187,1
307000001,-0.80344,0.00726,0.193075,1
307200001,-0.803521,0.0107,0.19565,1
307400001,-0.804801,0.01256,0.194685,1
307600001,-0.805681,0.01226,0.193695,1
307800001,-0.804401,0.01274,0.19373,1
308000001,-0.806321,0.01186,0.19324,1
308200001,-0.8048,0.00706,0.19492,1
308400001,-0.804641,0.01088,0.193075,1
308600001,-0.803402,0.0151,0.195055,1
308800001,-0.804841,0.01002,0.19508,1
309000001,-0.80416,0.00582,0.1964,1
309200001,-0.80504,0.00774,0.19406,1
309400001,-0.802441,0.00916,0.195035,1
309600001,-0.80556,0.00558,0.193855,1
309800001,-0.8052,0.00476,0.195195,1
310000001,-0.80444,0.0035,0.194545,1
310200001,-0.803001,0.0083,0.19472,1
310400001,-0.805481,0.01234,0.19449,1
310600001,-0.805642,0.01566,0.1967,1
310800001,-0.802722,0.01526,0.19572,1
311000001,-0.804883,0.01922,0.19529,1
311200001,-0.805407,0.02882,0.19494,1.00001
311400001,-0.806328,0.03134,0.19609,1.00001
311600001,-0.804605,0.02468,0.193485,1.00001
311800001,-0.803242,0.01628,0.19518,1
312000001,-0.802441,0.01034,0.197785,1
312200001,-0.803521,0.00934,0.19816,1
312400001,-0.80352,0.00674,0.19642,1
312600001,-0.80352,0.0043,0.19729,1
312800001,-0.803841,0.0111,0.19433,1
313000001,-0.803561,0.00998,0.1953,1
313200001,-0.801281,0.00884,0.197425,1
313400001,-0.80176,0.00714,0.199005,1
313600001,-0.80344,0.0001,0.19472,1
313800001,-0.80424,0.00366,0.19701,1
314000001,-0.80536,0.00694,0.19558,1
314200001,-0.803082,0.01418,0.19751,1
314400001,-0.80408,0.00772,0.196825,1
314600001,-0.803401,0.0093,0.196195,1
314800001,-0.80488,0.00308,0.195735,1
315000001,-0.806521,0.00868,0.19527,1
315200001,-0.807401,0.0084,0.19433,1
315400001,-0.805641,0.01184,0.1946,1
315600001,-0.806881,0.00826,0.193805,1
315800001,-0.80736,0.0066,0.193805,1
316000001,-0.805521,0.011,0.19339,1
316200001,-0.805161,0.01046,0.194315,1
316400001,-0.805321,0.01328,0.194175,1
316600001,-0.803924,0.0224,0.1969,1.00001
316800001,-0.802924,0.02098,0.196965,1
317000001,-0.803845,0.02538,0.19587,1.00001
317200001,-0.804446,0.02714,0.19611,1.00001
317400001,-0.805286,0.0268,0.195645,1.00001
317600001,-0.805525,0.02596,0.19353,1.00001
317800001,-0.806965,0.02428,0.19319,1.00001
318000001,-0.806846,0.02774,0.191525,1.00001
318200001,-0.804445,0.02524,0.195515,1.00001
318400001,-0.805926,0.0275,0.195815,1.00001
318600001,-0.805286,0.02632,0.193795,1.00001
318800001,-0.804284,0.02126,0.193675,1
319000001,-0.805204,0.02146,0.19515,1
319200001,-0.806767,0.0285,0.19402,1.00001
319400001,-0.808163,0.01974,0.19241,1
319600001,-0.808804,0.02204,0.192375,1
319800001,-0.807523,0.01844,0.19149,1
320000001,-0.808641,0.0103,0.192545,1
320200001,-0.806961,0.00946,0.19055,1
320400001,-0.805801,0.0088,0.193605,1
320600001,-0.80768,0.00308,0.19398,1
320800001,-0.80696,0.00462,0.194615,1
321000001,-0.8046,0.00666,0.1957,1
321200001,-0.80636,0.00372,0.194925,1
321400001,-0.8036,0.00038,0.196095,1
321600001,-0.80356,0.00408,0.198275,1
321800001,-0.8028,0.00464,0.19527,1
322000001,-0.80492,0.00156,0.19583,1
322200001,-0.8068,0.0064,0.19396,1
322400001,-0.80672,0.00226,0.192935,1
322600001,-0.809,0.00466,0.19311,1
322800001,-0.80596,-0.0025,0.19188,1
323000001,-0.805481,-0.0096,0.194825,1
323200001,-0.80468,-0.00424,0.19547,1
323400001,-0.80468,-0.00058,0.195685,1
323600001,-0.80584,-0.00112,0.195105,1
323800001,-0.80772,-0.00094,0.192705,1
324000001,-0.80496,-0.00374,0.19551,1
324200001,-0.80312,0.00344,0.196425,1
324400001,-0.80232,0.00762,0.196865,1
324600001,-0.804161,0.00918,0.19984,1
324800001,-0.802881,0.01062,0.19572,1
325000001,-0.801761,0.01054,0.19785,1
325200001,-0.80576,0.00686,0.19581,1
325400001,-0.80512,0.0059,0.19262,1
325600001,-0.802561,0.0112,0.193445,1
325800001,-0.808761,0.00926,0.193745,1
326000001,-0.806161,0.0081,0.19271,1
326200001,-0.807,0.00432,0.194765,1
326400001,-0.80188,-0.00376,0.19633,1
326600001,-0.80244,-0.00144,0.19801,1
326800001,-0.80368,-0.00142,0.196895,1
327000001,-0.80608,-0.00154,0.19582,1
327200001,-0.80504,0.00084,0.194995,1
327400001,-0.803921,0.00832,0.1944,1
327600001,-0.806721,0.0117,0.196975,1
327800001,-0.80632,0.00486,0.1933,1
328000001,-0.80668,0.00444,0.195025,1
328200001,-0.8048,0.0042,0.19496,1
328400001,-0.805001,0.00996,0.19478,1
328600001,-0.804641,0.00876,0.19586,1
328800001,-0.803561,0.0092,0.19754,1
329000001,-0.80488,0.00254,0.194415,1
329200001,-0.80644,-0.0014,0.195655,1
329400001,-0.80404,-0.00244,0.19542,1
329600001,-0.80464,-0.0052,0.19544,1
329800001,-0.80404,-0.0072,0.19638,1
330000001,-0.80472,-0.00772,0.19589,1
330200001,-0.804481,-0.0087,0.195035,1
330400001,-0.80268,0.00402,0.19388,1
330600001,-0.80532,0.0002,0.195675,1
330800001,-0.80468,-0.00324,0.19609,1
331000001,-0.8052,-0.00612,0.19517,1
331200001,-0.80304,-0.00498,0.196445,1
331400001,-0.80208,-0.00402,0.19616,1
331600001,-0.80144,-0.00676,0.200425,1
331800001,-0.799441,-0.00942,0.198525,1
332000001,-0.802761,-0.01002,0.19761,1
332200001,-0.803481,-0.01016,0.196735,1
332400001,-0.806961,-0.01036,0.19397,1
332600001,-0.80584,-0.00678,0.192895,1
332800001,-0.80568,-0.0059,0.19619,1
333000001,-0.80616,-0.00264,0.192455,1
333200001,-0.80488,-0.00626,0.194055,1
333400001,-0.8034,-0.00178,0.19736,1
333600001,-0.80128,-0.00198,0.19713,1
333800001,-0.80432,0.00126,0.19507,1
334000001,-0.80352,0.00416,0.193435,1
334200001,-0.805,0.00378,0.195945,1
334400001,-0.80488,0.00498,0.19712,1
334600001,-0.80504,0.00298,0.19488,1
334800001,-0.80296,0.00168,0.196785,1
335000001,-0.80164,0.00072,0.19823,1
335200001,-0.80176,-0.00026,0.196175,1
335400001,-0.80312,-0.0036,0.197015,1
335600001,-0.8088,0.00444,0.19647,1
335800001,-0.8092,0.00232,0.19251,1
336000001,-0.8076,0.00102,0.192315,1
336200001,-0.80752,-0.00182,0.19114,1
336400001,-0.80564,0.00032,0.193215,1
336600001,-0.80572,0.00168,0.19451,1
336800001,-0.80632,-0.00246,0.194395,1
337000001,-0.80944,-0.00416,0.193075,1
337200001,-0.80776,-0.00012,0.19149,1
337400001,-0.80488,0.00738,0.193205,1
337600001,-0.8042,0.00542,0.19512,1
337800001,-0.804961,0.01224,0.194145,1
338000001,-0.805001,0.01194,0.193075,1
338200001,-0.802241,0.0098,0.197205,1
338400001,-0.80352,0.00694,0.195095,1
338600001,-0.8042,0.00716,0.196125,1
338800001,-0.80468,0.0061,0.196235,1
339000001,-0.8018,0.00288,0.196635,1
339200001,-0.80556,-0.00132,0.19439,1
339400001,-0.80344,0.00092,0.19627,1
339600001,-0.80108,0.00086,0.197905,1
339800001,-0.80044,-0.00196,0.198215,1
340000001,-0.80372,0.00194,0.197475,1
340200001,-0.80404,0.00146,0.19608,1
340400001,-0.8018,0.00632,0.196315,1
340600001,-0.801841,0.01158,0.198095,1
340800001,-0.803521,0.00972,0.197005,1
341000001,-0.802761,0.0091,0.194725,1
341200001,-0.803201,0.01214,0.19928,1
341400001,-0.803041,0.01364,0.197275,1
341600001,-0.804682,0.01498,0.193765,1
341800001,-0.804521,0.0117,0.19617,1
342000001,-0.803922,0.0157,0.19692,1
342200001,-0.805402,0.0149,0.1957,1
342400001,-0.807242,0.01556,0.194835,1
342600001,-0.805003,0.01772,0.19461,1
342800001,-0.805363,0.01928,0.19267,1
343000001,-0.807483,0.02058,0.192725,1
343200001,-0.807245,0.02506,0.19196,1.00001
343400001,-0.806726,0.0265,0.19277,1.00001
343600001,-0.806763,0.02038,0.1931,1
343800001,-0.805002,0.01612,0.194025,1
344000001,-0.805642,0.01672,0.19386,1
344200001,-0.807723,0.0177,0.192595,1
344400001,-0.805403,0.01854,0.19344,1
344600001,-0.802681,0.01268,0.195615,1
344800001,-0.802723,0.02002,0.195295,1
345000001,-0.802684,0.02268,0.195115,1.00001
345200001,-0.803404,0.02344,0.19709,1.00001
345400001,-0.804724,0.02306,0.193685,1.00001
345600001,-0.804126,0.02682,0.19473,1.00001
345800001,-0.804965,0.02592,0.196655,1.00001
346000001,-0.801283,0.01888,0.19702,1
346200001,-0.801726,0.02672,0.19711,1.00001
346400001,-0.803166,0.02784,0.19606,1.00001
346600001,-0.806084,0.02254,0.196595,1.00001
346800001,-0.807602,0.01502,0.19273,1
347000001,-0.806041,0.01094,0.19283,1
347200001,-0.806721,0.01034,0.19412,1
347400001,-0.80484,0.00564,0.195675,1
347600001,-0.80804,0.00196,0.19299,1
347800001,-0.80788,0.0073,0.194235,1
348000001,-0.8064,0.00572,0.192665,1
348200001,-0.80428,0.00048,0.19416,1
348400001,-0.80296,-0.0022,0.19522,1
348600001,-0.80448,-0.0044,0.19426,1
348800001,-0.80248,-0.00594,0.197675,1
349000001,-0.803681,-0.01286,0.19575,1
349200001,-0.803641,-0.01152,0.197745,1
349400001,-0.80136,0.00022,0.196735,1
349600001,-0.79972,-0.00022,0.19838,1
349800001,-0.80028,0.00394,0.19871,1
350000001,-0.80384,0.0013,0.19759,1
350200001,-0.80508,-0.00164,0.195695,1
350400001,-0.80492,-0.00064,0.19497,1
350600001,-0.80632,0.00444,0.1939,1
350800001,-0.80512,-0.0008,0.19537,1
351000001,-0.80652,0.00756,0.19485,1
351200001,-0.8078,0.0069,0.194325,1
351400001,-0.80676,0.00696,0.192795,1
351600001,-0.805201,0.01246,0.192915,1
351800001,-0.807121,0.01248,0.193405,1
352000001,-0.805242,0.01722,0.192915,1
352200001,-0.806002,0.01726,0.19433,1
352400001,-0.80748,0.00716,0.193845,1
352600001,-0.808601,0.0083,0.192465,1
352800001,-0.805201,0.01066,0.19389,1
353000001,-0.803481,0.00864,0.194735,1
353200001,-0.80424,0.00182,0.196465,1
353400001,-0.80216,0.006,0.194595,1
353600001,-0.80384,0.00684,0.19779,1
353800001,-0.803401,0.00836,0.19491,1
354000001,-0.801201,0.00988,0.19763,1
354200001,-0.804761,0.01124,0.19709,1
354400001,-0.806402,0.01534,0.194745,1
354600001,-0.804722,0.0168,0.194135,1
354800001,-0.804204,0.02226,0.194995,1
355000001,-0.803844,0.02102,0.19732,1
355200001,-0.803123,0.01968,0.196985,1
355400001,-0.806643,0.02038,0.194245,1
355600001,-0.804843,0.02034,0.19485,1
355800001,-0.806165,0.02388,0.194005,1.00001
356000001,-0.804485,0.02424,0.19373,1.00001
356200001,-0.805724,0.02236,0.19487,1
356400001,-0.808564,0.02274,0.192695,1.00001
356600001,-0.806922,0.0158,0.191545,1
356800001,-0.806401,0.0125,0.194185,1
357000001,-0.806641,0.01268,0.193165,1
357200001,-0.805801,0.01026,0.194705,1
357400001,-0.803601,0.01246,0.19513,1
357600001,-0.807322,0.01696,0.193715,1
357800001,-0.804721,0.00922,0.194475,1
358000001,-0.80592,0.007,0.194635,1
358200001,-0.803041,0.01012,0.19564,1
358400001,-0.8024,0.00626,0.196515,1
358600001,-0.801281,0.01222,0.19784,1
358800001,-0.804441,0.00798,0.19674,1
359000001,-0.803,-0.00048,0.196475,1
359200001,-0.8044,0.00582,0.195135,1
359400001,-0.803961,0.00858,0.19711,1
359600001,-0.805681,0.01158,0.19319,1
359800001,-0.804561,0.01236,0.196545,1
360000001,-0.805441,0.01142,0.194935,1
360200001,-0.804721,0.01026,0.19677,1
360400001,-0.80616,0.0075,0.19276,1
360600001,-0.8042,0.00728,0.195185,1
360800001,-0.80572,0.00382,0.195935,1
361000001,-0.805601,0.01074,0.19455,1
361200001,-0.805561,0.01242,0.19416,1
361400001,-0.802441,0.01364,0.194635,1
361600001,-0.803121,0.01156,0.19858,1
361800001,-0.803761,0.01272,0.19647,1
362000001,-0.804162,0.01726,0.195735,1
362200001,-0.804121,0.01274,0.19695,1
362400001,-0.805721,0.01038,0.19637,1
362600001,-0.807521,0.00798,0.1931,1
362800001,-0.80536,0.00266,0.19339,1
363000001,-0.80476,0.00126,0.1936,1
363200001,-0.805,0.00128,0.196005,1
363400001,-0.80688,-6e-05,0.194935,1
363600001,-0.80432,0.00322,0.19282,1
363800001,-0.804561,0.00884,0.195605,1
364000001,-0.804281,0.00802,0.194345,1
364200001,-0.80644,0.00358,0.19501,1
364400001,-0.80536,0.0041,0.19565,1
364600001,-0.80424,0.00162,0.19564,1
364800001,-0.80528,-0.00238,0.19428,1
365000001,-0.80464,-0.00624,0.194035,1
365200001,-0.80412,-0.00054,0.194205,1
365400001,-0.80528,0.002,0.194875,1
365600001,-0.80608,0.00024,0.19405,1
365800001,-0.809,0.00018,0.192595,1
366000001,-0.80668,8e-05,0.193415,1
366200001,-0.80556,0.00258,0.194155,1
366400001,-0.80544,0.00036,0.193305,1
366600001,-0.80456,0.00078,0.195855,1
366800001,-0.80524,-0.00428,0.195215,1
367000001,-0.80448,-0.00166,0.194445,1
367200001,-0.80572,0.00312,0.196465,1
367400001,-0.80772,0.00724,0.19365,1
367600001,-0.80716,0.00494,0.191725,1
367800001,-0.80396,0.0041,0.19312,1
368000001,-0.807881,0.01228,0.194695,1
368200001,-0.806323,0.0193,0.192045,1
368400001,-0.804684,0.02104,0.196055,1
368600001,-0.805564,0.02176,0.19343,1
368800001,-0.805002,0.01754,0.193665,1
369000001,-0.807481,0.01114,0.19191,1
369200001,-0.807561,0.01254,0.19339,1
369400001,-0.807201,0.01276,0.192245,1
369600001,-0.80472,0.00768,0.19382,1
369800001,-0.8068,0.00366,0.194355,1
370000001,-0.807,0.00242,0.19345,1
370200001,-0.8062,0.00034,0.19422,1
370400001,-0.80716,0.00532,0.194495,1
370600001,-0.80352,0.00482,0.193875,1
370800001,-0.803281,0.01124,0.195485,1
371000001,-0.801201,0.013,0.19888,1
371200001,-0.800882,0.01528,0.19779,1
371400001,-0.798642,0.0145,0.199645,1
371600001,-0.800843,0.0198,0.198295,1
371800001,-0.801443,0.01934,0.199995,1
372000001,-0.804206,0.02668,0.197605,1.00001
372200001,-0.804525,0.02452,0.19425,1.00001
372400001,-0.804524,0.02098,0.196805,1
372600001,-0.803763,0.01936,0.195595,1
372800001,-0.803162,0.0173,0.196115,1
373000001,-0.803281,0.00968,0.196495,1
373200001,-0.80584,0.00638,0.195795,1
373400001,-0.8074,-0.00012,0.195115,1
373600001,-0.80588,-0.00068,0.19296,1
373800001,-0.80448,0.0022,0.19449,1
374000001,-0.80812,0.0053,0.193435,1
374200001,-0.80644,-0.00014,0.1918,1
374400001,-0.80704,-0.00306,0.19267,1
374600001,-0.80796,-0.00208,0.191785,1
374800001,-0.80448,-0.00786,0.194965,1
375000001,-0.80244,-0.00554,0.19562,1
375200001,-0.805641,-0.00906,0.19714,1
375400001,-0.803681,-0.00992,0.194375,1
375600001,-0.80244,-0.00596,0.19664,1
375800001,-0.80288,-0.00274,0.197755,1
376000001,-0.80388,-0.00336,0.197025,1
376200001,-0.80288,-0.00508,0.19667,1
376400001,-0.80352,-0.00642,0.195915,1
376600001,-0.80492,-0.00502,0.19755,1
376800001,-0.801441,-0.01046,0.19749,1
377000001,-0.80264,-0.0077,0.19739,1
377200001,-0.80096,-0.00754,0.19904,1
377400001,-0.803441,-0.00796,0.196715,1
377600001,-0.802801,-0.01266,0.195655,1
377800001,-0.803122,-0.01426,0.19634,1
378000001,-0.805443,-0.01886,0.19527,1
378200001,-0.808042,-0.01662,0.19377,1
378400001,-0.806041,-0.01208,0.194485,1
378600001,-0.802681,-0.0119,0.194975,1
378800001,-0.803922,-0.017,0.197285,1
379000001,-0.805041,-0.01322,0.195675,1
379200001,-0.806601,-0.01098,0.19535,1
379400001,-0.802281,-0.00806,0.19543,1
379600001,-0.80328,-0.00456,0.196565,1
379800001,-0.806121,-0.01238,0.195495,1
380000001,-0.803961,-0.01032,0.194315,1
380200001,-0.805401,-0.01122,0.194085,1
380400001,-0.807441,-0.01336,0.192865,1
380600001,-0.806761,-0.01152,0.19228,1
380800001,-0.806521,-0.0126,0.19181,1
381000001,-0.807003,-0.0183,0.194535,1
381200001,-0.805764,-0.02264,0.194455,1.00001
381400001,-0.804244,-0.02172,0.19449,1
381600001,-0.804401,-0.01276,0.19554,1
381800001,-0.807602,-0.01366,0.195475,1
382000001,-0.805323,-0.01844,0.194205,1
382200001,-0.805202,-0.01592,0.19688,1
382400001,-0.804963,-0.01896,0.19417,1
382600001,-0.806243,-0.01862,0.193145,1
382800001,-0.805321,-0.01284,0.195145,1
383000001,-0.80376,-0.00652,0.19599,1
383200001,-0.80552,-0.0037,0.194665,1
383400001,-0.80384,0.0048,0.196275,1
383600001,-0.80608,-0.00304,0.19428,1
383800001,-0.804241,-0.00834,0.194285,1
384000001,-0.803561,-0.00992,0.195175,1
384200001,-0.80196,-0.00596,0.19941,1
384400001,-0.804,-0.00262,0.196935,1
384600001,-0.80412,0.00458,0.19641,1
384800001,-0.802401,0.00876,0.197655,1
385000001,-0.802721,0.01338,0.197365,1
385200001,-0.801802,0.0174,0.195815,1
385400001,-0.802282,0.0148,0.19789,1
385600001,-0.804121,0.01332,0.19717,1
385800001,-0.803402,0.01474,0.196855,1
386000001,-0.801523,0.01778,0.19678,1
386200001,-0.803962,0.01742,0.19694,1
386400001,-0.805682,0.01718,0.19381,1
386600001,-0.804241,0.00956,0.193985,1
386800001,-0.806242,0.01668,0.19379,1
387000001,-0.804441,0.01106,0.195205,1
387200001,-0.80368,0.00674,0.19534,1
387400001,-0.804601,0.00826,0.19715,1
387600001,-0.80468,0.00688,0.194335,1
387800001,-0.80248,0.00686,0.196035,1
388000001,-0.80636,0.00292,0.192795,1
388200001,-0.80684,0.00522,0.194485,1
388400001,-0.80288,0.00666,0.19553,1
388600001,-0.802001,0.0081,0.19741,1
388800001,-0.805921,0.01088,0.194195,1
389000001,-0.803482,0.0157,0.196225,1
389200001,-0.802882,0.01706,0.19697,1
389400001,-0.805443,0.0205,0.19609,1
389600001,-0.806522,0.016,0.193315,1
389800001,-0.806601,0.0089,0.194395,1
390000001,-0.804001,0.01272,0.194765,1
390200001,-0.804881,0.00852,0.19503,1
390400001,-0.80276,0.00302,0.195485,1
390600001,-0.80464,-0.0018,0.195775,1
390800001,-0.80328,-0.0023,0.195265,1
391000001,-0.80188,0.00196,0.196145,1
391200001,-0.8044,0.00066,0.196155,1
391400001,-0.80372,0.00238,0.19318,1
391600001,-0.80352,-0.00186,0.19773,1
391800001,-0.80416,-0.00236,0.194365,1
392000001,-0.80456,-0.00556,0.19595,1
392200001,-0.80332,-0.00498,0.196125,1
392400001,-0.80332,-0.00094,0.19631,1
392600001,-0.80292,-0.00014,0.19775,1
392800001,-0.8036,-0.002,0.195125,1
393000001,-0.80264,-0.0045,0.198055,1
393200001,-0.803121,-0.0114,0.197955,1
393400001,-0.803681,-0.00944,0.19628,1
393600001,-0.806761,-0.00832,0.19353,1
393800001,-0.805282,-0.01622,0.194765,1
394000001,-0.805121,-0.0125,0.19476,1
394200001,-0.804561,-0.00802,0.19481,1
394400001,-0.806641,-0.01218,0.19289,1
394600001,-0.802961,-0.01156,0.196995,1
394800001,-0.803481,-0.0095,0.197035,1
395000001,-0.803921,-0.00822,0.1968,1
395200001,-0.802681,-0.01342,0.19817,1
395400001,-0.804041,-0.01092,0.196255,1
395600001,-0.804762,-0.01392,0.19593,1
395800001,-0.80404,-0.00258,0.195775,1
396000001,-0.80164,-0.0014,0.196065,1
396200001,-0.80172,-0.00126,0.197385,1
396400001,-0.80476,-0.00064,0.194875,1
396600001,-0.8032,-0.00446,0.197285,1
396800001,-0.80516,-0.0057,0.1945,1
397000001,-0.80444,0.00172,0.194185,1
397200001,-0.8042,0.00696,0.19631,1
397400001,-0.804321,0.00842,0.197455,1
397600001,-0.805801,0.00888,0.194555,1
397800001,-0.80536,0.00356,0.19489,1
398000001,-0.805,0.00642,0.193755,1
398200001,-0.807601,0.01308,0.192905,1
398400001,-0.809321,0.01242,0.191675,1
398600001,-0.80812,0.00716,0.192585,1
398800001,-0.80724,0.00704,0.19167,1
399000001,-0.80556,0.00124,0.19138,1
399200001,-0.80752,-0.00074,0.193445,1
399400001,-0.80568,-0.00368,0.193215,1
399600001,-0.80612,-0.00458,0.193575,1
399800001,-0.80776,-0.0058,0.193865,1
400000001,-0.8064,-0.00356,0.19101,1
400200001,-0.80524,-0.00782,0.191385,1
400400001,-0.80664,-0.00348,0.193165,1
400600001,-0.80472,-0.00682,0.195375,1
400800001,-0.8068,-0.00578,0.19417,1
401000001,-0.8042,-0.00588,0.195015,1
401200001,-0.803201,-0.00852,0.19319,1
401400001,-0.80476,-0.0074,0.19587,1
401600001,-0.801761,-0.00852,0.19635,1
401800001,-0.80496,0.0006,0.19635,1
402000001,-0.80572,-0.00174,0.195955,1
402200001,-0.80412,0.00746,0.19397,1
402400001,-0.80428,0.00582,0.19566,1
402600001,-0.804,0.00222,0.19587,1
402800001,-0.802321,0.00992,0.196565,1
403000001,-0.804681,0.01166,0.197405,1
403200001,-0.80152,0.0077,0.19579,1
403400001,-0.802721,0.0101,0.19782,1
403600001,-0.801761,0.00866,0.19748,1
403800001,-0.80212,0.0067,0.19804,1
404000001,-0.80316,-0.00012,0.196925,1
404200001,-0.80184,0.00368,0.19734,1
404400001,-0.80444,0.00092,0.19523,1
404600001,-0.80004,-0.00104,0.19971,1
404800001,-0.80348,-0.0016,0.1977,1
405000001,-0.804,-0.00024,0.19784,1
405200001,-0.80544,0.00028,0.19519,1
405400001,-0.8058,0.00242,0.195185,1
405600001,-0.8038,-0.00376,0.194625,1
405800001,-0.80424,-0.00662,0.194255,1
406000001,-0.801681,-0.01208,0.197225,1
406200001,-0.8034,-0.00498,0.196795,1
406400001,-0.804441,-0.00844,0.195215,1
406600001,-0.805041,-0.00938,0.195755,1
406800001,-0.80632,-0.00418,0.19423,1
407000001,-0.80404,-0.00722,0.1954,1
407200001,-0.8038,-0.0036,0.195135,1
407400001,-0.805841,-0.0095,0.194695,1
407600001,-0.80444,-0.00554,0.19399,1
407800001,-0.80284,-0.00756,0.198035,1
408000001,-0.808321,-0.01176,0.19268,1
408200001,-0.805482,-0.01654,0.192925,1
408400001,-0.803721,-0.0134,0.195615,1
408600001,-0.808281,-0.01318,0.192975,1
408800001,-0.809841,-0.012,0.191775,1
409000001,-0.808521,-0.00842,0.191155,1
409200001,-0.80768,-0.00722,0.19014,1
409400001,-0.804641,-0.01348,0.193845,1
409600001,-0.804842,-0.01578,0.195855,1
409800001,-0.804683,-0.01804,0.196305,1
410000001,-0.805001,-0.012,0.19512,1
410200001,-0.805641,-0.00804,0.19442,1
410400001,-0.80408,-0.00238,0.192905,1
410600001,-0.80508,-0.0048,0.196785,1
410800001,-0.803681,-0.00912,0.19551,1
411000001,-0.805801,-0.0097,0.194685,1
411200001,-0.80488,-0.00784,0.196415,1
411400001,-0.804,-0.00646,0.197705,1
411600001,-0.80688,-0.002,0.195185,1
411800001,-0.80556,-0.00696,0.19289,1
412000001,-0.80408,-0.0045,0.196535,1
412200001,-0.80408,-0.00236,0.195475,1
412400001,-0.80608,-0.00074,0.194615,1
412600001,-0.80448,-0.00072,0.195235,1
412800001,-0.80512,0.00096,0.19512,1
413000001,-0.80696,0.00096,0.19344,1
413200001,-0.8038,0.00542,0.192735,1
413400001,-0.80664,0.00352,0.195385,1
413600001,-0.80736,0.00614,0.193225,1
413800001,-0.80764,0.00692,0.192095,1
414000001,-0.807,0.00184,0.19253,1
414200001,-0.80504,0.00188,0.1951,1
414400001,-0.80348,0.00336,0.19619,1
414600001,-0.80008,-0.00304,0.19779,1
414800001,-0.80456,-0.0048,0.19729,1
415000001,-0.802801,-0.0086,0.19646,1
415200001,-0.801602,-0.0141,0.197745,1
415400001,-0.802361,-0.00846,0.19682,1
415600001,-0.8046,-0.00382,0.1955,1
415800001,-0.8046,-0.00596,0.197675,1
416000001,-0.803961,-0.00848,0.19625,1
416200001,-0.805162,-0.01384,0.1976,1
416400001,-0.804923,-0.01958,0.194235,1
416600001,-0.802881,-0.01276,0.196085,1
416800001,-0.802321,-0.01268,0.19712,1
417000001,-0.803601,-0.00946,0.196695,1
417200001,-0.80532,-0.00336,0.197375,1
417400001,-0.80192,0.00304,0.19607,1
417600001,-0.80752,0.00504,0.19471,1
417800001,-0.80664,0.00042,0.193245,1
418000001,-0.80536,0.0014,0.194985,1
418200001,-0.80284,-0.00428,0.19361,1
418400001,-0.806201,-0.01302,0.195245,1
418600001,-0.806521,-0.01064,0.190895,1
418800001,-0.806241,-0.01166,0.194305,1
419000001,-0.804162,-0.0171,0.19522,1
419200001,-0.803842,-0.01562,0.1951,1
419400001,-0.803442,-0.0166,0.196575,1
419600001,-0.804203,-0.01818,0.197645,1
419800001,-0.805761,-0.01274,0.19545,1
420000001,-0.804401,-0.01176,0.195035,1
420200001,-0.80444,-0.0057,0.195495,1
420400001,-0.80316,-0.0031,0.19501,1
420600001,-0.80456,0.00304,0.195795,1
420800001,-0.80472,0.00258,0.194665,1
421000001,-0.80368,0.00592,0.195855,1
421200001,-0.80428,-0.00592,0.19526,1
421400001,-0.80504,-0.00108,0.19606,1
421600001,-0.80504,-0.00662,0.194245,1
421800001,-0.803561,-0.0101,0.198,1
422000001,-0.80324,-0.00184,0.195295,1
422200001,-0.80444,0.0046,0.19503,1
422400001,-0.80492,-0.00088,0.19345,1
422600001,-0.80564,-0.0006,0.19603,1
422800001,-0.8072,0.00274,0.195125,1
423000001,-0.80296,-0.0016,0.197315,1
423200001,-0.80252,-0.0007,0.196965,1
423400001,-0.8038,0.00324,0.196535,1
423600001,-0.8068,0.00286,0.191925,1
423800001,-0.80612,-0.0001,0.19206,1
424000001,-0.80392,-0.00162,0.19512,1
424200001,-0.80704,-0.0019,0.19658,1
424400001,-0.80592,-0.0041,0.19294,1
424600001,-0.806601,-0.0089,0.19253,1
424800001,-0.80764,-0.00028,0.191685,1
425000001,-0.80616,-0.001,0.19235,1
425200001,-0.8068,-0.0043,0.193635,1
425400001,-0.80604,-0.00356,0.193765,1
425600001,-0.806,-0.00164,0.19432,1
425800001,-0.80704,-0.00024,0.19419,1
426000001,-0.80372,-0.00574,0.195765,1
426200001,-0.806281,-0.00982,0.19553,1
426400001,-0.80476,-0.00216,0.193235,1
426600001,-0.8024,-0.00052,0.19558,1
426800001,-0.8028,-0.00294,0.199325,1
427000001,-0.8028,-0.00086,0.19811,1
427200001,-0.80688,0.00166,0.19551,1
427400001,-0.80592,0.00114,0.19307,1
427600001,-0.80416,0.00104,0.195415,1
427800001,-0.8048,0.00032,0.19741,1
428000001,-0.80432,0.00422,0.195995,1
428200001,-0.80616,0.00468,0.195375,1
428400001,-0.80556,0.00288,0.19437,1
428600001,-0.8054,0.00246,0.195445,1
428800001,-0.80316,0.0024,0.194935,1
429000001,-0.80428,0.00188,0.19516,1
429200001,-0.80384,0.0004,0.19438,1
429400001,-0.80212,0.00184,0.19593,1
429600001,-0.8018,0.0044,0.19699,1
429800001,-0.80108,0.00114,0.199945,1
430000001,-0.8038,0.00212,0.197205,1
430200001,-0.801,0.00524,0.19896,1
430400001,-0.80356,0.00684,0.19572,1
430600001,-0.8014,-0.00248,0.19675,1
430800001,-0.80196,-0.00034,0.198245,1
431000001,-0.80048,-0.0033,0.19694,1
431200001,-0.80308,0.00138,0.19745,1
431400001,-0.80344,-0.00256,0.197045,1
431600001,-0.80248,0.00062,0.196945,1
431800001,-0.80388,-1.34373e-17,0.198025,1
432000001,-0.80564,0.00034,0.194305,1
432200001,-0.80724,-0.00152,0.194375,1
432400001,-0.80348,-0.00634,0.192895,1
432600001,-0.804801,-0.00884,0.197205,1
432800001,-0.803201,-0.0109,0.195605,1
433000001,-0.805043,-0.01854,0.19534,1
433200001,-0.803122,-0.01618,0.19517,1
433400001,-0.804402,-0.01566,0.19569,1
433600001,-0.80372,-0.00746,0.19499,1
433800001,-0.8038,-0.00586,0.19633,1
434000001,-0.80396,0.00094,0.19522,1
434200001,-0.80476,-0.00352,0.194005,1
434400001,-0.80556,-0.00438,0.195775,1
434600001,-0.80484,-0.0076,0.196685,1
434800001,-0.80844,-0.00756,0.1953,1
435000001,-0.806401,-0.01302,0.192085,1
435200001,-0.805721,-0.00862,0.19545,1
435400001,-0.8044,-0.00378,0.19428,1
435600001,-0.80316,-0.00562,0.1949,1
435800001,-0.80756,-0.00452,0.196295,1
436000001,-0.806281,-0.00824,0.19375,1
436200001,-0.806961,-0.01022,0.192835,1
436400001,-0.80556,-0.00594,0.19359,1
436600001,-0.80596,-0.00384,0.196435,1
436800001,-0.806,-0.00022,0.194885,1
437000001,-0.80908,-0.00386,0.19326,1
437200001,-0.80788,-0.0062,0.191515,1
437400001,-0.80712,-0.00248,0.19036,1
437600001,-0.80384,0.00056,0.19427,1
437800001,-0.80532,-0.00042,0.195065,1
438000001,-0.80452,-0.00144,0.196035,1
438200001,-0.80536,-0.00452,0.19418,1
438400001,-0.8046,-0.00276,0.19457,1
438600001,-0.80524,-0.00482,0.194895,1
438800001,-0.80376,-0.00536,0.193625,1
439000001,-0.80572,-0.00382,0.196975,1
439200001,-0.80892,-0.00768,0.191865,1
439400001,-0.80676,-0.0073,0.192875,1
439600001,-0.80456,-0.00188,0.195075,1
439800001,-0.80672,-0.00228,0.19585,1
440000001,-0.80304,-0.00634,0.195445,1
440200001,-0.803361,-0.00834,0.19456,1
440400001,-0.803841,-0.0113,0.1966,1
440600001,-0.806281,-0.01234,0.19366,1
440800001,-0.805201,-0.01122,0.19268,1
441000001,-0.802402,-0.01566,0.19602,1
441200001,-0.804201,-0.01318,0.19692,1
441400001,-0.80676,-0.00694,0.19535,1
441600001,-0.8068,-0.0036,0.194445,1
441800001,-0.80276,-0.0015,0.195105,1
442000001,-0.80216,-0.0012,0.198535,1
442200001,-0.80076,-0.00102,0.196605,1
442400001,-0.804,0.00176,0.196945,1
442600001,-0.80444,0.00288,0.1966,1
442800001,-0.804,0.00122,0.194855,1
443000001,-0.80316,-0.00216,0.196005,1
443200001,-0.80548,0.00112,0.19525,1
443400001,-0.80592,0.00084,0.1936,1
443600001,-0.80476,0.00062,0.196095,1
443800001,-0.80376,0.0023,0.19673,1
444000001,-0.8046,0.00118,0.19641,1
444200001,-0.80316,0.00224,0.195225,1
444400001,-0.80308,0.00616,0.1977,1
444600001,-0.80392,0.00522,0.197195,1
444800001,-0.804202,0.01568,0.195735,1
445000001,-0.804884,0.02274,0.195285,1.00001
445200001,-0.804444,0.02176,0.196895,1
445400001,-0.803763,0.02002,0.195205,1
445600001,-0.804482,0.01502,0.19528,1
445800001,-0.805724,0.0229,0.19447,1.00001
446000001,-0.803523,0.02022,0.19545,1
446200001,-0.803042,0.01746,0.19499,1
446400001,-0.803562,0.0139,0.196,1
446600001,-0.803001,0.01366,0.19607,1
446800001,-0.804401,0.01362,0.19596,1
447000001,-0.803401,0.0104,0.197065,1
447200001,-0.803122,0.01628,0.19603,1
447400001,-0.804321,0.01254,0.196015,1
447600001,-0.80332,0.00726,0.1958,1
447800001,-0.80592,0.00754,0.19622,1
448000001,-0.80748,0.00382,0.19363,1
448200001,-0.805681,0.00882,0.19353,1
448400001,-0.80372,0.00778,0.19599,1
448600001,-0.80256,0.00436,0.196975,1
448800001,-0.80512,0.00374,0.196285,1
449000001,-0.8044,-0.00282,0.19477,1
449200001,-0.80324,-0.0017,0.19584,1
449400001,-0.80352,0.0027,0.19646,1
449600001,-0.80292,0.00646,0.19549,1
449800001,-0.80144,0.0034,0.195855,1
450000001,-0.80392,0.00082,0.197525,1
450200001,-0.80492,0.00248,0.195125,1
450400001,-0.80416,0.00504,0.19656,1
450600001,-0.801841,0.00854,0.198155,1
450800001,-0.805001,0.00866,0.19672,1
451000001,-0.806121,0.00982,0.19558,1
451200001,-0.805602,0.0141,0.19448,1
451400001,-0.804641,0.01056,0.194625,1
451600001,-0.803761,0.0129,0.194405,1
451800001,-0.804882,0.01398,0.19568,1
452000001,-0.805122,0.0151,0.19556,1
452200001,-0.803441,0.01298,0.19469,1
452400001,-0.800124,0.021,0.197505,1
452600001,-0.802562,0.01638,0.197635,1
452800001,-0.806204,0.02252,0.195815,1.00001
453000001,-0.804004,0.02282,0.193865,1.00001
453200001,-0.805685,0.0248,0.195295,1.00001
453400001,-0.803884,0.02284,0.19589,1.00001
453600001,-0.805762,0.01618,0.196505,1
453800001,-0.805362,0.01472,0.194485,1
454000001,-0.808001,0.01234,0.192915,1
454200001,-0.807161,0.00946,0.19145,1
454400001,-0.805201,0.00858,0.19288,1
454600001,-0.8046,0.00584,0.196315,1
454800001,-0.801521,0.00892,0.19574,1
455000001,-0.808081,0.0114,0.19603,1
455200001,-0.804761,0.0084,0.19398,1
455400001,-0.803761,0.0082,0.19628,1
455600001,-0.803321,0.0079,0.195955,1
455800001,-0.804521,0.00894,0.19568,1
456000001,-0.80324,0.0063,0.19642,1
456200001,-0.80352,0.0046,0.196125,1
456400001,-0.80472,0.00786,0.193945,1
456600001,-0.80384,0.00708,0.195405,1
456800001,-0.805841,0.01002,0.194105,1
457000001,-0.806401,0.01,0.195025,1
457200001,-0.805081,0.0128,0.19644,1
457400001,-0.806001,0.01284,0.19571,1
457600001,-0.804121,0.01154,0.193475,1
457800001,-0.804401,0.0119,0.19547,1
458000001,-0.806161,0.01082,0.19244,1
458200001,-0.80332,0.00694,0.19818,1
458400001,-0.80036,0.005,0.197935,1
458600001,-0.80068,0.00646,0.201265,1
458800001,-0.805121,0.01152,0.196725,1
459000001,-0.806161,0.0112,0.19383,1
459200001,-0.807282,0.01372,0.19392,1
459400001,-0.803041,0.01046,0.194425,1
459600001,-0.802884,0.02216,0.196205,1
459800001,-0.805402,0.01462,0.195765,1
460000001,-0.804122,0.01592,0.195855,1
460200001,-0.803482,0.01476,0.19474,1
460400001,-0.803481,0.00964,0.1959,1
460600001,-0.802082,0.01374,0.198515,1
460800001,-0.803442,0.01444,0.197275,1
461000001,-0.801961,0.00978,0.194705,1
461200001,-0.805081,0.00944,0.197535,1
461400001,-0.803123,0.01858,0.195725,1
461600001,-0.803722,0.01526,0.19666,1
461800001,-0.803601,0.00966,0.19736,1
462000001,-0.8044,0.00642,0.19705,1
462200001,-0.80448,0.00312,0.195675,1
462400001,-0.80388,0.0056,0.196,1
462600001,-0.8064,0.0025,0.194995,1
462800001,-0.806961,0.01024,0.194645,1
463000001,-0.804601,0.00884,0.19377,1
463200001,-0.805,0.00766,0.196715,1
463400001,-0.8044,0.00168,0.196205,1
463600001,-0.80376,-0.00164,0.19656,1
463800001,-0.8062,-0.0002,0.19603,1
464000001,-0.8056,-0.0035,0.195235,1
464200001,-0.803841,-0.00842,0.19498,1
464400001,-0.80356,-0.0073,0.19611,1
464600001,-0.80316,-0.0074,0.197055,1
464800001,-0.803,-0.00758,0.197585,1
465000001,-0.803161,-0.01324,0.196605,1
465200001,-0.804162,-0.01624,0.19453,1
465400001,-0.804161,-0.01144,0.19522,1
465600001,-0.807882,-0.01428,0.1942,1
465800001,-0.800362,-0.01644,0.19485,1
466000001,-0.804603,-0.01858,0.199295,1
466200001,-0.804723,-0.01768,0.195245,1
466400001,-0.802761,-0.01312,0.19733,1
466600001,-0.805122,-0.01454,0.195435,1
466800001,-0.806121,-0.01154,0.19316,1
467000001,-0.806521,-0.01182,0.1948,1
467200001,-0.803522,-0.0164,0.195295,1
467400001,-0.800081,-0.0118,0.19976,1
467600001,-0.803,-0.00778,0.198835,1
467800001,-0.803481,-0.01056,0.196255,1
468000001,-0.80268,-0.00396,0.1968,1
468200001,-0.80572,-0.00744,0.19587,1
468400001,-0.805721,-0.01222,0.195775,1
468600001,-0.805641,-0.00952,0.195055,1
468800001,-0.80688,-0.00198,0.196585,1
469000001,-0.80788,-0.00152,0.193085,1
469200001,-0.8036,0.00198,0.193785,1
469400001,-0.80116,0.00746,0.19602,1
469600001,-0.80272,0.00064,0.196135,1
469800001,-0.80452,0.00274,0.196855,1
470000001,-0.806,0.00704,0.194325,1
470200001,-0.80464,0.00676,0.19525,1
470400001,-0.8054,0.0023,0.195245,1
470600001,-0.80516,0.0034,0.195565,1
470800001,-0.80516,0.00272,0.19434,1
471000001,-0.80492,0.00498,0.193445,1
471200001,-0.80556,0.00472,0.194955,1
471400001,-0.804961,0.01116,0.19518,1
471600001,-0.8016,0.0073,0.196355,1
471800001,-0.80364,0.00584,0.199815,1
472000001,-0.80628,0.00506,0.197475,1
472200001,-0.80312,0.0027,0.19557,1
472400001,-0.80188,-0.00414,0.19778,1
472600001,-0.80544,-0.00352,0.196795,1
472800001,-0.80372,0.00552,0.19414,1
473000001,-0.80452,-0.00294,0.197515,1
473200001,-0.80596,-0.00168,0.196875,1
473400001,-0.80472,0.00414,0.195155,1
473600001,-0.80404,-0.00326,0.19488,1
473800001,-0.80464,-0.00532,0.194255,1
474000001,-0.80404,0.00332,0.19638,1
474200001,-0.80276,0.0021,0.195925,1
474400001,-0.80168,0.00262,0.19821,1
474600001,-0.80304,-0.00124,0.197785,1
474800001,-0.804601,-0.01026,0.195315,1
475000001,-0.80676,-0.0068,0.196155,1
475200001,-0.8054,-0.00544,0.19537,1
475400001,-0.8018,-0.00372,0.19775,1
475600001,-0.80472,-0.00556,0.19724,1
475800001,-0.80504,-0.00602,0.195755,1
476000001,-0.802,-0.00244,0.195755,1
476200001,-0.80376,0.00252,0.1965,1
476400001,-0.80208,0.00292,0.19836,1
476600001,-0.80144,0.00196,0.19669,1
476800001,-0.80448,0.00364,0.19775,1
477000001,-0.8016,0.00072,0.19751,1
477200001,-0.80444,-0.0013,0.196175,1
477400001,-0.8012,-0.00096,0.196955,1
477600001,-0.80368,-0.00602,0.197355,1
477800001,-0.80516,-0.00168,0.195235,1
478000001,-0.80428,-0.00058,0.193975,1
478200001,-0.80612,0.00318,0.19377,1
478400001,-0.80708,0.00288,0.194345,1
478600001,-0.80604,0.00784,0.1937,1
478800001,-0.80996,0.00636,0.19106,1
479000001,-0.809761,0.00874,0.191945,1
479200001,-0.80716,0.00758,0.19126,1
479400001,-0.805201,0.01006,0.19421,1
479600001,-0.80568,0.00516,0.196605,1
479800001,-0.80548,0.0065,0.195225,1
480000001,-0.804921,0.00806,0.19425,1
480200001,-0.805121,0.0117,0.19472,1
480400001,-0.803041,0.00946,0.19572,1
480600001,-0.80368,0.00762,0.19654,1
480800001,-0.804,0.00632,0.195545,1
481000001,-0.80384,0.00696,0.19666,1
481200001,-0.806441,0.0088,0.19593,1
481400001,-0.8064,0.00388,0.19365,1
481600001,-0.80472,-0.00098,0.195855,1
481800001,-0.80412,0.00414,0.19591,1
482000001,-0.804361,0.0088,0.196225,1
482200001,-0.806961,0.00978,0.192535,1
482400001,-0.808761,0.0099,0.19253,1
482600001,-0.806601,0.0096,0.191815,1
482800001,-0.8058,0.00652,0.19201,1
483000001,-0.80616,0.00694,0.194835,1
483200001,-0.80716,0.00726,0.1926,1
483400001,-0.80404,0.00758,0.19514,1
483600001,-0.805201,0.01066,0.19576,1
483800001,-0.806682,0.01384,0.193455,1
484000001,-0.805721,0.0112,0.19352,1
484200001,-0.802281,0.00982,0.194485,1
484400001,-0.80296,0.00252,0.197265,1
484600001,-0.805,0.00266,0.195425,1
484800001,-0.803281,0.00792,0.195785,1
485000001,-0.80344,0.00618,0.196535,1
485200001,-0.802082,0.0162,0.197105,1
485400001,-0.801201,0.01182,0.196435,1
485600001,-0.801361,0.00976,0.196985,1
485800001,-0.803841,0.00952,0.19556,1
486000001,-0.801561,0.01002,0.197075,1
486200001,-0.804402,0.01502,0.19763,1
486400001,-0.804522,0.01758,0.19833,1
486600001,-0.805604,0.02192,0.196135,1
486800001,-0.805844,0.02356,0.19497,1.00001
487000001,-0.803083,0.01986,0.194125,1
487200001,-0.803443,0.02036,0.194755,1
487400001,-0.805963,0.02018,0.193095,1
487600001,-0.806764,0.0215,0.19473,1
487800001,-0.805128,0.0307,0.19248,1.00001
488000001,-0.804447,0.03026,0.19451,1.00001
488200001,-0.801924,0.021,0.197815,1
488400001,-0.802444,0.02292,0.19933,1.00001
488600001,-0.804963,0.02054,0.194715,1
488800001,-0.804684,0.02294,0.19592,1.00001
489000001,-0.801363,0.01978,0.19681,1
489200001,-0.801325,0.026,0.198085,1.00001
489400001,-0.800645,0.0255,0.200025,1.00001
489600001,-0.801602,0.01722,0.19664,1
489800001,-0.800082,0.01582,0.19814,1
490000001,-0.801403,0.01892,0.197065,1
490200001,-0.804722,0.01508,0.19994,1
490400001,-0.800522,0.0155,0.197345,1
490600001,-0.803163,0.02066,0.19862,1
490800001,-0.803802,0.01406,0.19803,1
491000001,-0.803001,0.01266,0.19694,1
491200001,-0.802403,0.02046,0.19779,1
491400001,-0.803323,0.01782,0.19576,1
491600001,-0.803403,0.01992,0.195415,1
491800001,-0.805285,0.02524,0.19546,1.00001
492000001,-0.803762,0.0173,0.195555,1
492200001,-0.801201,0.01302,0.19587,1
492400001,-0.802083,0.02048,0.198055,1
492600001,-0.802842,0.01744,0.19749,1
492800001,-0.802482,0.01696,0.19613,1
493000001,-0.805723,0.01954,0.196825,1
493200001,-0.804884,0.02094,0.19562,1
493400001,-0.804764,0.02132,0.196395,1
493600001,-0.807682,0.01642,0.195335,1
493800001,-0.804843,0.02072,0.191885,1
494000001,-0.804763,0.01916,0.19618,1
494200001,-0.802082,0.01726,0.196415,1
494400001,-0.803841,0.0115,0.19597,1
494600001,-0.803921,0.01076,0.195895,1
494800001,-0.803321,0.01142,0.196655,1
495000001,-0.804602,0.01728,0.197365,1
495200001,-0.806322,0.01508,0.19301,1
495400001,-0.805402,0.01548,0.19384,1
495600001,-0.807522,0.015,0.19494,1
495800001,-0.806041,0.01268,0.19265,1
496000001,-0.80656,0.00594,0.191905,1
496200001,-0.804642,0.01452,0.192975,1
496400001,-0.805643,0.02082,0.194675,1
496600001,-0.804724,0.02254,0.1941,1.00001
496800001,-0.806564,0.02226,0.19467,1
497000001,-0.805803,0.0203,0.19471,1
497200001,-0.805203,0.01836,0.194415,1
497400001,-0.807762,0.01504,0.19404,1
497600001,-0.806322,0.01424,0.19379,1
497800001,-0.805042,0.01644,0.19322,1
498000001,-0.803643,0.01924,0.1952,1
498200001,-0.803442,0.01572,0.19599,1
498400001,-0.802601,0.01326,0.198895,1
498600001,-0.803922,0.01526,0.19621,1
498800001,-0.800123,0.01792,0.198125,1
499000001,-0.799923,0.01802,0.199305,1
499200001,-0.801563,0.0178,0.198555,1
499400001,-0.803483,0.01806,0.197255,1
499600001,-0.803321,0.0116,0.195835,1
499800001,-0.805921,0.0085,0.196635,1
500000001,-0.80624,0.00736,0.195245,1
500200001,-0.80892,0.0043,0.193235,1
500400001,-0.80496,0.00424,0.193485,1
500600001,-0.80464,-0.00036,0.19379,1
500800001,-0.80636,0.00242,0.193205,1
501000001,-0.808801,0.00876,0.191405,1
501200001,-0.8074,0.00066,0.190525,1
501400001,-0.80552,0.00186,0.19528,1
501600001,-0.80696,0.0027,0.19307,1
501800001,-0.80556,0.0025,0.19343,1
502000001,-0.80616,0.00044,0.195455,1
502200001,-0.80308,0.00234,0.195835,1
502400001,-0.80476,0.00154,0.19569,1
502600001,-0.80364,-0.00364,0.197705,1
502800001,-0.80508,0.00704,0.19727,1
503000001,-0.803841,0.01286,0.195795,1
503200001,-0.805402,0.01458,0.1939,1
503400001,-0.807121,0.01304,0.193355,1
503600001,-0.806321,0.00832,0.19387,1
503800001,-0.80556,0.0041,0.193925,1
504000001,-0.806281,0.0089,0.19362,1
504200001,-0.806641,0.00902,0.19448,1
504400001,-0.804641,0.01054,0.19464,1
504600001,-0.805521,0.01316,0.194065,1
504800001,-0.80524,0.00554,0.194875,1
505000001,-0.8048,0.00434,0.19416,1
505200001,-0.80364,0.00404,0.195845,1
505400001,-0.80544,-0.00134,0.194975,1
505600001,-0.80436,-0.00244,0.196295,1
505800001,-0.80296,0.00356,0.19586,1
506000001,-0.80768,8e-05,0.19401,1
506200001,-0.8062,-0.00238,0.193275,1
506400001,-0.80452,-0.0063,0.19314,1
506600001,-0.8054,0.00666,0.19467,1
506800001,-0.80572,0.00332,0.196495,1
507000001,-0.80484,0.0051,0.195005,1
507200001,-0.802,0.00218,0.19678,1
507400001,-0.80052,0.00266,0.19937,1
507600001,-0.8,0.00194,0.19801,1
507800001,-0.79896,0.00022,0.19876,1
508000001,-0.80016,0.00224,0.199555,1
508200001,-0.802801,0.00796,0.19996,1
508400001,-0.802161,0.00962,0.197225,1
508600001,-0.79996,0.00762,0.19882,1
508800001,-0.802681,0.0081,0.19874,1
509000001,-0.80172,0.0075,0.19908,1
509200001,-0.80408,0.00668,0.194785,1
509400001,-0.8024,0.00704,0.19802,1
509600001,-0.80336,0.00638,0.197325,1
509800001,-0.80468,0.00156,0.196385,1
510000001,-0.80596,0.00192,0.19517,1
510200001,-0.80488,0.00066,0.194765,1
510400001,-0.80264,-0.00014,0.19763,1
510600001,-0.803,0.00648,0.196035,1
510800001,-0.803161,0.00858,0.197335,1
511000001,-0.805281,0.0109,0.19561,1
511200001,-0.805681,0.0107,0.19238,1
511400001,-0.80504,0.00776,0.196295,1
511600001,-0.8036,0.0063,0.197725,1
511800001,-0.80272,0.00534,0.19707,1
512000001,-0.80072,-0.00206,0.20007,1
512200001,-0.80188,-0.00064,0.199095,1
512400001,-0.7992,0.00132,0.19992,1
512600001,-0.802,-0.0063,0.199495,1
512800001,-0.80136,-0.00778,0.19744,1
513000001,-0.800961,-0.00818,0.20011,1
513200001,-0.80416,-0.00736,0.200825,1
513400001,-0.80408,-0.00104,0.19674,1
513600001,-0.80304,-0.00568,0.19421,1
513800001,-0.80456,-0.00764,0.19587,1
514000001,-0.801202,-0.01476,0.19579,1
514200001,-0.805082,-0.0142,0.19955,1
514400001,-0.805721,-0.00988,0.19529,1
514600001,-0.803441,-0.0094,0.19479,1
514800001,-0.801481,-0.00978,0.197055,1
515000001,-0.799602,-0.01394,0.19746,1
515200001,-0.803722,-0.01456,0.198975,1
515400001,-0.801323,-0.01958,0.196905,1
515600001,-0.802203,-0.02024,0.197525,1
515800001,-0.802443,-0.01864,0.1993,1
516000001,-0.804041,-0.01348,0.19628,1
516200001,-0.805163,-0.01818,0.196725,1
516400001,-0.805204,-0.02096,0.194505,1
516600001,-0.805122,-0.01538,0.196125,1
516800001,-0.805642,-0.0146,0.192715,1
517000001,-0.804001,-0.01282,0.195435,1
517200001,-0.80492,-0.0056,0.196855,1
517400001,-0.806841,-0.0117,0.193795,1
517600001,-0.804281,-0.0101,0.19545,1
517800001,-0.805961,-0.00852,0.196265,1
518000001,-0.80628,-0.00686,0.194825,1
518200001,-0.8044,-0.00784,0.195075,1
518400001,-0.803241,-0.01266,0.197425,1
518600001,-0.804962,-0.0161,0.19756,1
518800001,-0.803482,-0.01394,0.19616,1
519000001,-0.806001,-0.00832,0.195415,1
519200001,-0.8064,-0.00466,0.193975,1
519400001,-0.8064,-0.00766,0.19414,1
519600001,-0.80364,-0.00674,0.1936,1
519800001,-0.8034,-0.00542,0.19842,1
520000001,-0.8046,-0.00318,0.19706,1
520200001,-0.80248,0.00292,0.197475,1
520400001,-0.804761,0.01308,0.19614,1
520600001,-0.805081,0.0102,0.19466,1
520800001,-0.805321,0.0108,0.19415,1
521000001,-0.80428,0.00648,0.19681,1
521200001,-0.803361,0.0092,0.19627,1
521400001,-0.80612,0.00452,0.19554,1
521600001,-0.80272,0.00272,0.19586,1
521800001,-0.80432,0.00238,0.196915,1
522000001,-0.803321,0.00828,0.195235,1
522200001,-0.8044,0.00064,0.19456,1
522400001,-0.80616,0.0008,0.19461,1
522600001,-0.80636,-0.00064,0.19484,1
522800001,-0.80684,-0.00232,0.19374,1
523000001,-0.80648,-0.0033,0.193585,1
523200001,-0.80592,-0.00622,0.19409,1
523400001,-0.80472,-0.00646,0.19327,1
523600001,-0.80544,-0.00426,0.19575,1
523800001,-0.80588,-0.00436,0.194205,1
524000001,-0.805841,-0.00846,0.193855,1
524200001,-0.806361,-0.0079,0.19506,1
524400001,-0.804401,-0.00944,0.196985,1
524600001,-0.805521,-0.00978,0.195735,1
524800001,-0.80624,-0.00758,0.1949,1
525000001,-0.80392,-0.00464,0.196535,1
525200001,-0.80668,-0.00094,0.195435,1
525400001,-0.8058,-0.00012,0.193825,1
525600001,-0.80564,0.00172,0.1956,1
525800001,-0.8044,0.00714,0.194205,1
526000001,-0.805961,0.00932,0.194885,1
526200001,-0.805,0.00586,0.194215,1
526400001,-0.80436,0.007,0.193955,1
526600001,-0.805401,0.00836,0.19568,1
526800001,-0.80576,0.00516,0.19535,1
527000001,-0.80672,0.00038,0.193715,1
527200001,-0.80736,-1.17026e-17,0.193275,1
527400001,-0.80868,-0.00602,0.192355,1
527600001,-0.80688,0.00058,0.19257,1
527800001,-0.80172,-0.002,0.196065,1
528000001,-0.80484,0.00092,0.19581,1
528200001,-0.80624,0.00202,0.195435,1
528400001,-0.80416,0.00574,0.1957,1
528600001,-0.80292,0.00702,0.1956,1
528800001,-0.802562,0.01496,0.197605,1
529000001,-0.804803,0.01964,0.19815,1
529200001,-0.800963,0.019,0.19753,1
529400001,-0.804763,0.01846,0.198095,1
529600001,-0.806402,0.01608,0.194125,1
529800001,-0.806122,0.01602,0.193815,1
530000001,-0.805602,0.0143,0.19468,1
530200001,-0.804883,0.01826,0.19478,1
530400001,-0.804923,0.0188,0.194765,1
530600001,-0.803323,0.01898,0.196625,1
530800001,-0.803043,0.01974,0.19775,1
531000001,-0.804723,0.01954,0.19586,1
531200001,-0.805443,0.01868,0.194095,1
531400001,-0.804643,0.02022,0.195685,1
531600001,-0.804162,0.01752,0.195125,1
531800001,-0.803282,0.0162,0.19642,1
532000001,-0.802724,0.0231,0.196065,1.00001
532200001,-0.803643,0.02046,0.19757,1
532400001,-0.802042,0.01744,0.195285,1
532600001,-0.801361,0.00912,0.19808,1
532800001,-0.80304,0.00176,0.19663,1
533000001,-0.80384,0.00718,0.197195,1
533200001,-0.802641,0.0098,0.197675,1
533400001,-0.803562,0.0168,0.19774,1
533600001,-0.805482,0.01618,0.195895,1
533800001,-0.804361,0.01116,0.193675,1
534000001,-0.805041,0.01258,0.193845,1
534200001,-0.805843,0.01772,0.197095,1
534400001,-0.804724,0.0215,0.194625,1
534600001,-0.805403,0.0203,0.19502,1
534800001,-0.803563,0.0198,0.195115,1
535000001,-0.803762,0.01688,0.19566,1
535200001,-0.800681,0.01268,0.19629,1
535400001,-0.802161,0.01226,0.198995,1
535600001,-0.80264,0.00496,0.197535,1
535800001,-0.800241,0.00838,0.200275,1
536000001,-0.80128,0.00348,0.199405,1
536200001,-0.80224,-0.00256,0.19636,1
536400001,-0.80352,-0.00594,0.195485,1
536600001,-0.80556,-0.0068,0.196285,1
536800001,-0.80552,-0.00272,0.19363,1
537000001,-0.80188,0.00144,0.19682,1
537200001,-0.80408,0.00342,0.196335,1
537400001,-0.80296,0.00176,0.194935,1
537600001,-0.805081,0.01082,0.196725,1
537800001,-0.806321,0.01362,0.19349,1
538000001,-0.804964,0.02088,0.194225,1
538200001,-0.800885,0.024,0.19559,1.00001
538400001,-0.801485,0.02512,0.19764,1.00001
538600001,-0.802404,0.02094,0.195915,1
538800001,-0.804121,0.00934,0.19789,1
539000001,-0.802841,0.00864,0.196565,1
539200001,-0.804361,0.0082,0.19606,1
539400001,-0.80532,0.00774,0.195815,1
539600001,-0.802961,0.01068,0.195595,1
539800001,-0.80516,-0.0001,0.196495,1
540000001,-0.80572,0.00118,0.19251,1
540200001,-0.80576,0.00524,0.195175,1
540400001,-0.80288,0.00638,0.195535,1
540600001,-0.804361,0.00832,0.195695,1
540800001,-0.8058,0.00532,0.19312,1
541000001,-0.804162,0.01662,0.194575,1
541200001,-0.803563,0.02026,0.19775,1
541400001,-0.803683,0.01884,0.193795,1
541600001,-0.804482,0.01692,0.19547,1
541800001,-0.802041,0.01182,0.196485,1
542000001,-0.801721,0.01232,0.196345,1
542200001,-0.805441,0.01232,0.19589,1
542400001,-0.804681,0.00904,0.19383,1
542600001,-0.805561,0.01002,0.194935,1
542800001,-0.805801,0.00864,0.195715,1
543000001,-0.804161,0.0122,0.19316,1
543200001,-0.80264,0.00702,0.196845,1
543400001,-0.80176,0.00402,0.19801,1
543600001,-0.80208,0.00596,0.198425,1
543800001,-0.80384,0.00594,0.197955,1
544000001,-0.80468,0.00678,0.19604,1
544200001,-0.80168,0.00116,0.196635,1
544400001,-0.80196,0.00538,0.198665,1
544600001,-0.80556,0.00746,0.19687,1
544800001,-0.80276,0.00388,0.196325,1
545000001,-0.80316,0.00344,0.19548,1
545200001,-0.80364,0.00584,0.19537,1
545400001,-0.80508,0.00666,0.195715,1
545600001,-0.8016,0.00362,0.19669,1
545800001,-0.80228,0.00126,0.19574,1
546000001,-0.80088,0.00298,0.19643,1
546200001,-0.806281,0.00836,0.195695,1
546400001,-0.806161,0.01354,0.194345,1
546600001,-0.804083,0.02062,0.19563,1
546800001,-0.802004,0.02206,0.19436,1
547000001,-0.801444,0.02138,0.19637,1
547200001,-0.803165,0.0251,0.19612,1.00001
547400001,-0.807523,0.01794,0.1938,1
547600001,-0.803201,0.01196,0.194065,1
547800001,-0.803241,0.00964,0.19531,1
548000001,-0.802241,0.01126,0.198445,1
548200001,-0.804601,0.01066,0.19586,1
548400001,-0.80512,0.00788,0.196005,1
548600001,-0.803441,0.01364,0.19519,1
548800001,-0.803641,0.00834,0.195385,1
549000001,-0.803921,0.0103,0.19641,1
549200001,-0.804281,0.01028,0.195505,1
549400001,-0.80356,0.0074,0.19677,1
549600001,-0.80428,0.00688,0.19632,1
549800001,-0.803321,0.00796,0.19615,1
550000001,-0.8056,0.00702,0.195065,1
550200001,-0.80432,0.00436,0.193815,1
550400001,-0.806721,0.00792,0.19388,1
550600001,-0.80608,0.0054,0.19368,1
550800001,-0.80684,0.00632,0.19282,1
551000001,-0.80476,0.0004,0.1954,1
551200001,-0.80612,-0.00242,0.192235,1
551400001,-0.80712,-0.00306,0.19563,1
551600001,-0.80508,-0.00312,0.192975,1
551800001,-0.805,-0.00274,0.194775,1
552000001,-0.80624,-0.00516,0.194565,1
552200001,-0.80496,-0.00572,0.19425,1
552400001,-0.803001,-0.00846,0.194065,1
552600001,-0.8054,-0.00328,0.196625,1
552800001,-0.804401,-0.00878,0.193545,1
553000001,-0.801121,-0.00846,0.19874,1
553200001,-0.803521,-0.01222,0.19782,1
553400001,-0.801801,-0.0106,0.196645,1
553600001,-0.800281,-0.0084,0.19905,1
553800001,-0.803201,-0.01194,0.197605,1
554000001,-0.801082,-0.01376,0.198365,1
554200001,-0.802242,-0.01692,0.19832,1
554400001,-0.802522,-0.01482,0.197795,1
554600001,-0.800481,-0.0135,0.19773,1
554800001,-0.803961,-0.00804,0.198305,1
555000001,-0.80512,-0.00518,0.196745,1
555200001,-0.80304,0.0011,0.19587,1
555400001,-0.80396,-0.0001,0.19666,1
555600001,-0.803,0.00122,0.19594,1
555800001,-0.8046,0.00362,0.1966,1
556000001,-0.80352,-0.00078,0.19591,1
556200001,-0.80224,0.00484,0.199255,1
556400001,-0.804441,0.00824,0.19765,1
556600001,-0.800482,0.01402,0.198085,1
556800001,-0.8006,0.00634,0.19958,1
557000001,-0.80136,0.00672,0.200605,1
557200001,-0.804201,0.00864,0.19604,1
557400001,-0.80056,-0.00142,0.197855,1
557600001,-0.80184,-0.00366,0.19835,1
557800001,-0.80468,-0.00628,0.198345,1
558000001,-0.80272,-0.00742,0.195385,1
558200001,-0.80348,0.00156,0.196155,1
558400001,-0.80364,0.00422,0.197255,1
558600001,-0.80564,0.00242,0.19355,1
558800001,-0.80216,-0.00536,0.195865,1
559000001,-0.80372,-1.26242e-17,0.19652,1
559200001,-0.80324,-0.00664,0.19706,1
559400001,-0.801641,-0.0113,0.194065,1
559600001,-0.80356,-0.00698,0.1958,1
559800001,-0.805081,-0.01072,0.195225,1
560000001,-0.803601,-0.0123,0.194675,1
560200001,-0.804243,-0.01988,0.193485,1
560400001,-0.806562,-0.0151,0.193475,1
560600001,-0.805201,-0.01322,0.19468,1
560800001,-0.805481,-0.00952,0.195125,1
561000001,-0.80376,-0.00448,0.1946,1
561200001,-0.80392,-0.0065,0.196065,1
561400001,-0.80484,-0.00258,0.19459,1
561600001,-0.80432,-0.0004,0.195905,1
561800001,-0.80244,-0.00032,0.1969,1
562000001,-0.8028,0.00088,0.1973,1
562200001,-0.80432,-0.00056,0.19718,1
562400001,-0.80176,0.00492,0.19596,1
562600001,-0.80372,0.0046,0.19658,1
562800001,-0.804,0.00574,0.195285,1
563000001,-0.804601,0.00882,0.19533,1
563200001,-0.80472,0.00744,0.195055,1
563400001,-0.80448,0.00512,0.19424,1
563600001,-0.80348,0.00632,0.19435,1
563800001,-0.8044,0.00178,0.197565,1
564000001,-0.80432,-0.00252,0.195235,1
564200001,-0.80472,0.0012,0.19543,1
564400001,-0.80616,0.00294,0.193705,1
564600001,-0.80108,0.00248,0.194755,1
564800001,-0.8042,-0.00356,0.1971,1
565000001,-0.80424,-0.00204,0.19475,1
565200001,-0.8052,-0.0072,0.19471,1
565400001,-0.806241,-0.00876,0.19356,1
565600001,-0.80512,-0.005,0.193,1
565800001,-0.80552,-0.00532,0.19435,1
566000001,-0.80556,-0.00662,0.195945,1
566200001,-0.80308,-0.00196,0.196005,1
566400001,-0.805,0.00082,0.195075,1
566600001,-0.8018,0.00018,0.19773,1
566800001,-0.80104,-0.00508,0.197125,1
567000001,-0.80448,0.00208,0.19874,1
567200001,-0.80492,-0.00066,0.195285,1
567400001,-0.804,0.00158,0.19368,1
567600001,-0.803401,0.00842,0.19614,1
567800001,-0.805281,0.00934,0.19514,1
568000001,-0.804361,0.01226,0.19491,1
568200001,-0.805122,0.01452,0.194725,1
568400001,-0.804723,0.01998,0.195515,1
568600001,-0.802164,0.02102,0.19682,1
568800001,-0.805404,0.02166,0.19608,1
569000001,-0.804882,0.01676,0.195395,1
569200001,-0.804562,0.01582,0.194875,1
569400001,-0.80216,0.00772,0.196135,1
569600001,-0.802801,0.00866,0.197305,1
569800001,-0.803401,0.00974,0.19546,1
570000001,-0.805641,0.01118,0.19691,1
570200001,-0.804401,0.00922,0.19532,1
570400001,-0.804321,0.00944,0.196415,1
570600001,-0.803041,0.0101,0.196505,1
570800001,-0.803923,0.0181,0.19826,1
571000001,-0.805003,0.02,0.196555,1
571200001,-0.804204,0.02222,0.194765,1
571400001,-0.803809,0.0327,0.19569,1.00001
571600001,-0.803485,0.0252,0.195555,1.00001
571800001,-0.803444,0.0231,0.196155,1.00001
572000001,-0.801564,0.0229,0.1978,1.00001
572200001,-0.802042,0.01506,0.19862,1
572400001,-0.801921,0.01288,0.196755,1
572600001,-0.803241,0.01336,0.19777,1
572800001,-0.806161,0.01294,0.195885,1
573000001,-0.807121,0.01218,0.19432,1
573200001,-0.806001,0.01114,0.19359,1
573400001,-0.80168,0.00526,0.19668,1
573600001,-0.80388,0.00076,0.195115,1
573800001,-0.807241,0.0113,0.193295,1
574000001,-0.807162,0.0168,0.194365,1
574200001,-0.807161,0.00994,0.194135,1
574400001,-0.807881,0.01264,0.193915,1
574600001,-0.80948,0.00724,0.19226,1
574800001,-0.80792,0.00364,0.19101,1
575000001,-0.80864,0.00156,0.19243,1
575200001,-0.81024,0.00198,0.190595,1
575400001,-0.80972,0.00748,0.189385,1
575600001,-0.808081,0.01102,0.191055,1
575800001,-0.808681,0.00946,0.19252,1
576000001,-0.8094,0.0072,0.193165,1
576200001,-0.80976,0.0044,0.19141,1
576400001,-0.80512,-6e-05,0.194885,1
576600001,-0.80464,0.00278,0.19435,1
576800001,-0.80484,0.00286,0.19441,1
577000001,-0.80904,0.00772,0.193025,1
577200001,-0.809402,0.01402,0.192465,1
577400001,-0.810001,0.00956,0.190455,1
577600001,-0.810881,0.0099,0.190485,1
577800001,-0.806321,0.01072,0.190245,1
578000001,-0.805723,0.01826,0.193115,1
578200001,-0.806882,0.0171,0.1932,1
578400001,-0.804162,0.0169,0.19291,1
578600001,-0.803483,0.01778,0.19445,1
578800001,-0.804923,0.01876,0.195065,1
579000001,-0.804922,0.0163,0.195275,1
579200001,-0.805282,0.01582,0.1968,1
579400001,-0.801522,0.01562,0.19644,1
579600001,-0.804561,0.01238,0.19799,1
579800001,-0.805202,0.0156,0.194705,1
580000001,-0.803763,0.01814,0.196195,1
580200001,-0.803922,0.01734,0.19541,1
580400001,-0.801522,0.01374,0.19511,1
580600001,-0.802882,0.01684,0.196915,1
580800001,-0.803644,0.0215,0.197155,1
581000001,-0.803523,0.02038,0.19776,1
581200001,-0.802723,0.01946,0.19781,1
581400001,-0.804362,0.01692,0.197045,1
581600001,-0.804601,0.01158,0.196725,1
581800001,-0.804561,0.01036,0.198015,1
582000001,-0.80548,0.00468,0.19587,1
582200001,-0.8054,-2e-05,0.194755,1
582400001,-0.80444,0.0011,0.19404,1
582600001,-0.80724,-0.00534,0.19362,1
582800001,-0.80508,-0.00388,0.195635,1
583000001,-0.80268,-0.00438,0.196005,1
583200001,-0.80444,-0.00708,0.196645,1
583400001,-0.804681,-0.01092,0.19469,1
583600001,-0.805161,-0.01212,0.19373,1
583800001,-0.806121,-0.01004,0.19227,1
584000001,-0.805361,-0.01004,0.19414,1
584200001,-0.807322,-0.01528,0.19255,1
584400001,-0.805721,-0.01016,0.19597,1
584600001,-0.805521,-0.00878,0.194525,1
584800001,-0.80524,0.00252,0.194275,1
585000001,-0.8064,0.0061,0.194835,1
585200001,-0.805,0.00558,0.19535,1
585400001,-0.80612,0.00322,0.19513,1
585600001,-0.80536,0.0077,0.19361,1
585800001,-0.808962,0.0151,0.19292,1
586000001,-0.806161,0.0093,0.19164,1
586200001,-0.802962,0.0148,0.194635,1
586400001,-0.801084,0.023,0.19664,1.00001
586600001,-0.807082,0.01516,0.19741,1
586800001,-0.806922,0.01544,0.19445,1
587000001,-0.806122,0.01514,0.193665,1
587200001,-0.805201,0.01286,0.195,1
587400001,-0.805003,0.01984,0.194675,1
587600001,-0.803562,0.01404,0.19717,1
587800001,-0.805641,0.01364,0.19653,1
588000001,-0.804042,0.0156,0.19464,1
588200001,-0.804723,0.0177,0.196515,1
588400001,-0.805402,0.0137,0.19655,1
588600001,-0.803601,0.01216,0.197195,1
588800001,-0.804,0.0057,0.196195,1
589000001,-0.8066,0.00694,0.19485,1
589200001,-0.803882,0.0153,0.19462,1
589400001,-0.80508,0.00758,0.19553,1
589600001,-0.8034,0.0061,0.19707,1
589800001,-0.80376,0.00296,0.195995,1
590000001,-0.80456,-0.00332,0.19594,1
590200001,-0.80368,0.00152,0.19521,1
590400001,-0.80624,0.00092,0.19374,1
590600001,-0.80464,0.00652,0.19456,1
590800001,-0.801921,0.00946,0.197505,1
591000001,-0.80344,0.00674,0.19651,1
591200001,-0.80512,0.00338,0.19602,1
591400001,-0.803,-0.00172,0.194915,1
591600001,-0.80524,-0.0044,0.19579,1
591800001,-0.80044,-0.00634,0.197735,1
592000001,-0.80464,-0.00438,0.19684,1
592200001,-0.80644,-0.00348,0.195015,1
592400001,-0.8036,0.00388,0.19481,1
592600001,-0.80396,0.00722,0.198765,1
592800001,-0.807321,0.00934,0.19433,1
593000001,-0.805201,0.01022,0.19508,1
593200001,-0.80736,0.00682,0.19457,1
593400001,-0.806001,0.00938,0.19466,1
593600001,-0.804841,0.01166,0.19485,1
593800001,-0.805441,0.0133,0.19694,1
594000001,-0.805203,0.01794,0.19488,1
594200001,-0.807043,0.01998,0.19448,1
594400001,-0.805963,0.02036,0.194815,1
594600001,-0.805364,0.02332,0.19636,1.00001
594800001,-0.804886,0.02672,0.19518,1.00001
595000001,-0.806324,0.02302,0.192395,1.00001
595200001,-0.807284,0.02194,0.19432,1
595400001,-0.807885,0.02462,0.19139,1.00001
595600001,-0.808404,0.02186,0.19109,1
595800001,-0.804883,0.01908,0.194185,1
596000001,-0.804923,0.01864,0.19508,1
596200001,-0.810363,0.0205,0.190435,1
596400001,-0.811002,0.01528,0.190515,1
596600001,-0.807961,0.01162,0.191565,1
596800001,-0.808561,0.01102,0.19172,1
597000001,-0.807081,0.01256,0.193035,1
597200001,-0.804521,0.00918,0.193975,1
597400001,-0.806602,0.01586,0.19338,1
597600001,-0.803361,0.0102,0.196825,1
597800001,-0.805762,0.01452,0.19682,1
598000001,-0.805321,0.0095,0.195995,1
598200001,-0.805841,0.01126,0.19556,1
598400001,-0.803402,0.01412,0.196785,1
598600001,-0.80228,0.00738,0.198035,1
598800001,-0.80532,0.0054,0.193995,1
599000001,-0.80492,0.00454,0.196095,1
599200001,-0.806401,0.00906,0.19327,1
599400001,-0.804282,0.01508,0.193845,1
599600001,-0.805722,0.01396,0.19591,1
599800001,-0.801041,0.00866,0.196945,1
600000001,-0.80424,0.00304,0.197535,1
600200001,-0.8024,0.0011,0.196145,1
600400001,-0.80252,0.00464,0.198715,1
600600001,-0.802521,0.00894,0.196725,1
600800001,-0.803321,0.00872,0.195385,1
601000001,-0.80232,0.00632,0.19609,1
601200001,-0.80308,0.00344,0.19672,1
601400001,-0.80328,0.00422,0.196615,1
601600001,-0.80188,0.0074,0.196125,1
601800001,-0.80468,0.0047,0.196565,1
602000001,-0.80792,-8e-05,0.194585,1
602200001,-0.80604,0.00522,0.191945,1
602400001,-0.80504,0.0038,0.195575,1
602600001,-0.80312,0.00244,0.19687,1
602800001,-0.80416,-0.00486,0.196795,1
603000001,-0.80372,-0.0077,0.19655,1
603200001,-0.80392,-0.00562,0.19589,1
603400001,-0.803041,-0.00926,0.19687,1
603600001,-0.803761,-0.00952,0.194905,1
603800001,-0.8056,-0.00782,0.195595,1
604000001,-0.806881,-0.00836,0.193885,1
604200001,-0.80556,-0.00584,0.19261,1
604400001,-0.805561,-0.01058,0.194825,1
604600001,-0.806681,-0.01258,0.19469,1
604800001,-0.807761,-0.01152,0.194965,1
605000001,-0.805521,-0.01296,0.1937,1
605200001,-0.80376,-0.00692,0.19573,1
605400001,-0.80512,0.00604,0.19475,1
605600001,-0.80648,0.00274,0.193125,1
605800001,-0.80408,-0.00268,0.192665,1
606000001,-0.80556,-0.00188,0.19401,1
606200001,-0.803,-0.00576,0.19525,1
606400001,-0.806041,-0.008,0.19621,1
606600001,-0.80696,-0.00246,0.195845,1
606800001,-0.805761,-0.01164,0.194745,1
607000001,-0.805641,-0.00914,0.195245,1
607200001,-0.8062,-0.00522,0.19404,1
607400001,-0.80588,0.0019,0.19367,1
607600001,-0.80664,0.00464,0.192765,1
607800001,-0.8062,0.00778,0.193215,1
608000001,-0.806721,0.011,0.193985,1
608200001,-0.807122,0.01662,0.192595,1
608400001,-0.804121,0.01008,0.194085,1
608600001,-0.80396,0.003,0.19564,1
608800001,-0.80312,0.0041,0.194805,1
609000001,-0.802721,0.01026,0.19728,1
609200001,-0.802881,0.0095,0.199,1
609400001,-0.805241,0.00902,0.19654,1
609600001,-0.80304,-0.00038,0.19589,1
609800001,-0.8058,-0.00056,0.195625,1
610000001,-0.80556,-0.00028,0.19544,1
610200001,-0.80348,-0.0049,0.195455,1
610400001,-0.80304,-0.00238,0.19522,1
610600001,-0.8054,-0.00672,0.195065,1
610800001,-0.80256,-0.00464,0.19655,1
611000001,-0.80068,-0.00086,0.198075,1
611200001,-0.80412,6e-05,0.198,1
611400001,-0.80444,-0.00424,0.197125,1
611600001,-0.80416,-0.00232,0.19761,1
611800001,-0.8038,-0.00124,0.19599,1
612000001,-0.80528,-0.0024,0.19636,1
612200001,-0.80744,-0.00282,0.193365,1
612400001,-0.80508,-0.0002,0.195095,1
612600001,-0.80404,0.00018,0.195035,1
612800001,-0.80068,0.00156,0.197505,1
613000001,-0.80256,-0.0006,0.19748,1
613200001,-0.80336,0.00332,0.19853,1
613400001,-0.80408,0.00212,0.1965,1
613600001,-0.80524,-2e-05,0.194465,1
613800001,-0.80244,0.00434,0.19565,1
614000001,-0.8054,0.0043,0.19486,1
614200001,-0.80472,0.0069,0.19452,1
614400001,-0.803281,0.00996,0.196045,1
614600001,-0.8064,0.00382,0.194425,1
614800001,-0.80656,0.00364,0.193435,1
615000001,-0.80552,0.00556,0.19383,1
615200001,-0.80832,0.00654,0.195155,1
615400001,-0.806041,0.00794,0.19322,1
615600001,-0.805081,0.01096,0.193935,1
615800001,-0.803682,0.014,0.19573,1
616000001,-0.80248,0.00736,0.19571,1
616200001,-0.80604,0.00548,0.1936,1
616400001,-0.80604,0.00302,0.193775,1
616600001,-0.8046,-0.00068,0.194465,1
616800001,-0.806,-0.00064,0.19493,1
617000001,-0.80692,-0.00718,0.194525,1
617200001,-0.805321,-0.01158,0.19425,1
617400001,-0.805161,-0.01268,0.195225,1
617600001,-0.805881,-0.0122,0.19452,1
617800001,-0.804241,-0.01322,0.195895,1
618000001,-0.803442,-0.01404,0.197225,1
618200001,-0.804202,-0.01576,0.19683,1
618400001,-0.804924,-0.02114,0.197115,1
618600001,-0.802684,-0.02116,0.196215,1
618800001,-0.804164,-0.0216,0.19512,1
619000001,-0.800404,-0.02152,0.1965,1
619200001,-0.802326,-0.02708,0.1964,1.00001
619400001,-0.800525,-0.02588,0.19792,1.00001
619600001,-0.805444,-0.0219,0.196625,1
619800001,-0.805244,-0.02286,0.19492,1.00001
620000001,-0.804204,-0.02344,0.194365,1.00001
620200001,-0.804323,-0.01942,0.196435,1
620400001,-0.805205,-0.02488,0.196345,1.00001
620600001,-0.802007,-0.0291,0.194435,1.00001
620800001,-0.805645,-0.02428,0.194385,1.00001
621000001,-0.804404,-0.0218,0.19436,1
621200001,-0.806923,-0.02076,0.19396,1
621400001,-0.808082,-0.01626,0.193125,1
621600001,-0.808004,-0.02122,0.19255,1
621800001,-0.807243,-0.02006,0.19384,1
622000001,-0.806924,-0.02144,0.193185,1
622200001,-0.803325,-0.0248,0.19409,1.00001
622400001,-0.802804,-0.02292,0.1957,1.00001
622600001,-0.803643,-0.01972,0.19661,1
622800001,-0.803483,-0.01974,0.197805,1
623000001,-0.801446,-0.02628,0.196105,1.00001
623200001,-0.805686,-0.02664,0.1967,1.00001
623400001,-0.807004,-0.02354,0.195455,1.00001
623600001,-0.804723,-0.0208,0.194575,1
623800001,-0.807002,-0.01694,0.194865,1
624000001,-0.808044,-0.0218,0.193265,1
624200001,-0.809043,-0.02014,0.191505,1
624400001,-0.805243,-0.0178,0.193305,1
624600001,-0.808602,-0.0171,0.193495,1
624800001,-0.80552,-0.00704,0.194415,1
625000001,-0.806241,-0.01258,0.193255,1
625200001,-0.806403,-0.0191,0.19557,1
625400001,-0.803963,-0.01946,0.19576,1
625600001,-0.803723,-0.0196,0.196535,1
625800001,-0.805282,-0.01492,0.19568,1
626000001,-0.804161,-0.01322,0.195335,1
626200001,-0.803683,-0.01832,0.195285,1
626400001,-0.804924,-0.02172,0.1952,1
626600001,-0.807005,-0.0249,0.194715,1.00001
626800001,-0.805203,-0.01862,0.19589,1
627000001,-0.804604,-0.02136,0.195345,1
627200001,-0.803882,-0.01442,0.196775,1
627400001,-0.804361,-0.01338,0.19759,1
627600001,-0.804641,-0.01204,0.195145,1
627800001,-0.80316,-0.00536,0.19684,1
628000001,-0.803601,-0.00956,0.19552,1
628200001,-0.800521,-0.0082,0.19783,1
628400001,-0.80356,-0.00166,0.196505,1
628600001,-0.80228,-0.00534,0.19812,1
628800001,-0.80256,0.00018,0.19653,1
629000001,-0.80472,0.00194,0.19451,1
629200001,-0.8032,0.00028,0.196225,1
629400001,-0.80148,0.00084,0.19667,1
629600001,-0.8022,0.00426,0.199245,1
629800001,-0.80344,0.00098,0.19766,1
630000001,-0.80236,0.00514,0.19677,1
630200001,-0.802601,0.00938,0.19617,1
630400001,-0.80248,0.00326,0.19446,1
630600001,-0.80636,0.00518,0.19346,1
630800001,-0.80496,0.00676,0.192155,1
631000001,-0.80488,0.00448,0.19428,1
631200001,-0.80584,0.0026,0.19402,1
631400001,-0.80412,0.00728,0.19556,1
631600001,-0.80372,0.00398,0.196625,1
631800001,-0.80568,0.00272,0.198175,1
632000001,-0.80256,-0.00404,0.19639,1
632200001,-0.80392,-0.00696,0.19711,1
632400001,-0.80396,-0.0056,0.19312,1
632600001,-0.80492,-0.00474,0.198125,1
632800001,-0.80436,-0.00712,0.196675,1
633000001,-0.80436,-0.00236,0.19591,1
633200001,-0.80436,-0.00248,0.19496,1
633400001,-0.80296,0.00252,0.19779,1
633600001,-0.80392,-0.00068,0.19574,1
633800001,-0.80148,0.00262,0.197845,1
634000001,-0.80244,0.0039,0.19589,1
634200001,-0.804081,0.0107,0.19635,1
634400001,-0.803401,0.01122,0.19481,1
634600001,-0.803241,0.01336,0.197615,1
634800001,-0.802922,0.01672,0.19679,1
635000001,-0.804921,0.01074,0.197635,1
635200001,-0.802761,0.00986,0.1965,1
635400001,-0.80512,-0.00116,0.196995,1
635600001,-0.80556,-0.00136,0.19497,1
635800001,-0.80388,0.00392,0.19569,1
636000001,-0.802041,0.00884,0.1965,1
636200001,-0.803721,0.01234,0.194455,1
636400001,-0.806321,0.00998,0.19405,1
636600001,-0.802081,0.012,0.197075,1
636800001,-0.801001,0.01234,0.198055,1
637000001,-0.8008,0.00768,0.196955,1
637200001,-0.803881,0.01086,0.197405,1
637400001,-0.803721,0.0099,0.19648,1
637600001,-0.804041,0.00928,0.197035,1
637800001,-0.803162,0.01404,0.19804,1
638000001,-0.807682,0.01408,0.19301,1
638200001,-0.809361,0.01156,0.19328,1
638400001,-0.805763,0.01872,0.19222,1
638600001,-0.802482,0.01654,0.194775,1
638800001,-0.803161,0.01314,0.19754,1
639000001,-0.802561,0.01128,0.196605,1
639200001,-0.80636,0.00368,0.19414,1
639400001,-0.80572,0.00066,0.195395,1
639600001,-0.80356,-0.00376,0.195145,1
639800001,-0.80488,-0.0072,0.19671,1
640000001,-0.80276,-0.00384,0.19775,1
640200001,-0.801,-0.00576,0.19676,1
640400001,-0.80124,0.00282,0.198705,1
640600001,-0.79956,0.0015,0.19829,1
640800001,-0.802441,0.00926,0.19731,1
641000001,-0.804042,0.01478,0.19772,1
641200001,-0.801523,0.0196,0.198635,1
641400001,-0.800242,0.01566,0.198595,1
641600001,-0.804521,0.00922,0.19702,1
641800001,-0.806641,0.00916,0.192715,1
642000001,-0.807802,0.0152,0.19261,1
642200001,-0.805962,0.01702,0.193355,1
642400001,-0.806564,0.02152,0.191495,1
642600001,-0.804042,0.01736,0.1939,1
642800001,-0.802402,0.01638,0.195605,1
643000001,-0.802562,0.01628,0.197835,1
643200001,-0.803843,0.01768,0.19491,1
643400001,-0.805682,0.0149,0.194585,1
643600001,-0.806842,0.01482,0.19301,1
643800001,-0.807245,0.02524,0.193545,1.00001
644000001,-0.807525,0.02556,0.19415,1.00001
644200001,-0.807404,0.02284,0.19017,1.00001
644400001,-0.807802,0.01456,0.1932,1
644600001,-0.807961,0.01156,0.19287,1
644800001,-0.806361,0.01038,0.192475,1
645000001,-0.808081,0.01094,0.19367,1
645200001,-0.807721,0.01002,0.19166,1
645400001,-0.809601,0.00932,0.193515,1
645600001,-0.80636,0.0051,0.191445,1
645800001,-0.807201,0.00936,0.194405,1
646000001,-0.808242,0.01378,0.192065,1
646200001,-0.805721,0.01242,0.19376,1
646400001,-0.806241,0.01336,0.195965,1
646600001,-0.804321,0.00902,0.194195,1
646800001,-0.804441,0.00854,0.19415,1
647000001,-0.802561,0.01092,0.195795,1
647200001,-0.805481,0.0127,0.196525,1
647400001,-0.807923,0.01888,0.194255,1
647600001,-0.810803,0.02024,0.1924,1
647800001,-0.809205,0.02398,0.189495,1.00001
648000001,-0.807324,0.02254,0.19397,1.00001
648200001,-0.805043,0.01884,0.193095,1
648400001,-0.803804,0.02222,0.195125,1
648600001,-0.805522,0.01688,0.194945,1
648800001,-0.803965,0.02414,0.197625,1.00001
649000001,-0.804605,0.02592,0.195675,1.00001
649200001,-0.805084,0.0215,0.194275,1
649400001,-0.802163,0.01826,0.19629,1
649600001,-0.802845,0.02574,0.19841,1.00001
649800001,-0.802643,0.02046,0.19734,1
650000001,-0.802684,0.02284,0.197295,1.00001
650200001,-0.804485,0.02402,0.197745,1.00001
650400001,-0.803685,0.0242,0.195345,1.00001
650600001,-0.805286,0.0262,0.19697,1.00001
650800001,-0.801443,0.01842,0.198725,1
651000001,-0.803723,0.01918,0.19689,1
651200001,-0.803565,0.02604,0.197105,1.00001
651400001,-0.804805,0.02572,0.19591,1.00001
651600001,-0.806326,0.02746,0.195415,1.00001
651800001,-0.805046,0.02786,0.19354,1.00001
652000001,-0.805611,0.03766,0.19615,1.00001
652200001,-0.802374,0.04134,0.19759,1.00002
652400001,-0.804409,0.033,0.196845,1.00001
652600001,-0.804048,0.03118,0.196645,1.00001
652800001,-0.803966,0.02756,0.194765,1.00001
653000001,-0.801647,0.02972,0.19609,1.00001
653200001,-0.80181,0.03464,0.19805,1.00001
653400001,-0.803807,0.03046,0.198675,1.00001
653600001,-0.804525,0.02482,0.19505,1.00001
653800001,-0.803163,0.01858,0.19607,1
654000001,-0.803482,0.01548,0.196345,1
654200001,-0.804241,0.01274,0.196365,1
654400001,-0.801641,0.01244,0.198645,1
654600001,-0.802121,0.00992,0.19836,1
654800001,-0.80068,0.00556,0.19761,1
655000001,-0.80268,0.00556,0.19829,1
655200001,-0.80152,0.00632,0.19588,1
655400001,-0.79992,0.0027,0.201095,1
655600001,-0.79896,0.00444,0.199705,1
655800001,-0.79816,0.00418,0.201125,1
656000001,-0.80212,0.0054,0.198915,1
656200001,-0.8038,0.0014,0.1978,1
656400001,-0.80204,-0.0003,0.195635,1
656600001,-0.79896,-0.0049,0.20021,1
656800001,-0.80272,-0.00466,0.20007,1
657000001,-0.80196,-0.0069,0.19758,1
657200001,-0.80276,-0.00192,0.197415,1
657400001,-0.80172,-0.0018,0.1954,1
657600001,-0.80332,-0.0008,0.1974,1
657800001,-0.80404,-0.00548,0.19611,1
658000001,-0.80412,-0.00458,0.196725,1
658200001,-0.80344,-0.00516,0.197365,1
658400001,-0.803481,-0.00832,0.1961,1
658600001,-0.8028,-0.00624,0.19769,1
658800001,-0.8038,-0.00762,0.196935,1
659000001,-0.80276,-0.00164,0.195975,1
659200001,-0.80436,0.00094,0.194895,1
659400001,-0.8076,0.00646,0.19454,1
659600001,-0.80608,0.0045,0.19319,1
659800001,-0.8038,0.00316,0.195365,1
660000001,-0.803401,0.00798,0.197875,1
660200001,-0.802961,0.00888,0.198765,1
660400001,-0.80336,0.00708,0.19736,1
660600001,-0.803521,0.00794,0.196975,1
660800001,-0.802,0.00248,0.196375,1
661000001,-0.8036,0.00566,0.196185,1
661200001,-0.804,0.00744,0.193805,1
661400001,-0.80388,0.00476,0.19607,1
661600001,-0.804,-0.00304,0.1961,1
661800001,-0.80352,-0.00098,0.196275,1
662000001,-0.80244,-0.00042,0.19698,1
662200001,-0.80236,0.00758,0.1983,1
662400001,-0.80404,0.00632,0.195985,1
662600001,-0.8034,0.00704,0.19609,1
662800001,-0.80604,0.00744,0.19539,1
663000001,-0.805241,0.01062,0.193725,1
663200001,-0.80564,0.00482,0.19273,1
663400001,-0.80396,-4e-05,0.195085,1
663600001,-0.80516,-0.00372,0.19603,1
663800001,-0.8062,0.00212,0.19576,1
664000001,-0.80836,0.00256,0.19685,1
664200001,-0.80456,0.0017,0.193495,1
664400001,-0.80752,0.00648,0.193995,1
664600001,-0.80744,-0.00124,0.1918,1
664800001,-0.8048,-0.0057,0.194495,1
665000001,-0.8022,-0.00508,0.194735,1
665200001,-0.804121,-0.01286,0.196685,1
665400001,-0.802922,-0.01544,0.196625,1
665600001,-0.801362,-0.01468,0.19672,1
665800001,-0.804121,-0.01002,0.196315,1
666000001,-0.80408,-0.0065,0.19572,1
666200001,-0.80504,-0.00756,0.194575,1
666400001,-0.802121,-0.00984,0.19608,1
666600001,-0.806281,-0.00964,0.19665,1
666800001,-0.8062,-0.0072,0.19449,1
667000001,-0.8088,-0.00184,0.19259,1
667200001,-0.81024,-0.00318,0.191535,1
667400001,-0.80884,-0.00562,0.19104,1
667600001,-0.80888,-0.00538,0.1906,1
667800001,-0.80964,-0.00212,0.192255,1
668000001,-0.80672,-0.00736,0.19267,1
668200001,-0.808401,-0.01112,0.19203,1
668400001,-0.803,-0.00378,0.194165,1
668600001,-0.804441,-0.00952,0.197035,1
668800001,-0.803001,-0.00906,0.196545,1
669000001,-0.804241,-0.0083,0.19633,1
669200001,-0.8072,-0.00358,0.19471,1
669400001,-0.806321,-0.00832,0.192415,1
669600001,-0.80832,-0.0065,0.194105,1
669800001,-0.8058,-0.00202,0.19206,1
670000001,-0.80432,6e-05,0.19465,1
670200001,-0.80412,-0.00294,0.19818,1
670400001,-0.80092,-0.00546,0.19715,1
670600001,-0.79972,-0.00134,0.19858,1
670800001,-0.8024,-0.0066,0.197535,1
671000001,-0.803521,-0.01052,0.1964,1
671200001,-0.804441,-0.0098,0.19487,1
671400001,-0.804361,-0.01254,0.196205,1
671600001,-0.80188,-0.00576,0.199305,1
671800001,-0.803281,-0.01042,0.196235,1
672000001,-0.803041,-0.00848,0.196865,1
672200001,-0.80252,-0.00672,0.19688,1
672400001,-0.805801,-0.0103,0.195835,1
672600001,-0.804681,-0.01152,0.193355,1
672800001,-0.804601,-0.00932,0.19427,1
673000001,-0.80328,-0.0065,0.197975,1
673200001,-0.802441,-0.00942,0.19681,1
673400001,-0.799,-0.0065,0.19736,1
673600001,-0.79784,0.0031,0.20069,1
673800001,-0.801241,0.0095,0.20243,1
674000001,-0.801801,0.00948,0.198105,1
674200001,-0.80428,0.00496,0.19671,1
674400001,-0.80496,0.00566,0.197355,1
674600001,-0.804201,0.01104,0.195785,1
674800001,-0.80584,0.00736,0.1942,1
675000001,-0.80392,0.00494,0.195295,1
675200001,-0.80484,0.00326,0.19609,1
675400001,-0.80252,0.00336,0.195965,1
675600001,-0.801241,0.00958,0.197735,1
675800001,-0.80384,0.0076,0.195375,1
676000001,-0.80348,0.0067,0.195045,1
676200001,-0.80628,-0.00028,0.193885,1
676400001,-0.803,0.00252,0.19441,1
676600001,-0.80424,-0.00108,0.19692,1
676800001,-0.80364,0.0003,0.196795,1
677000001,-0.8038,-0.00708,0.197405,1
677200001,-0.80524,-0.0068,0.19358,1
677400001,-0.80628,-0.00716,0.19346,1
677600001,-0.805481,-0.0085,0.195205,1
677800001,-0.8054,-0.00458,0.19536,1
678000001,-0.80948,-0.00434,0.19255,1
678200001,-0.80632,-0.00554,0.19108,1
678400001,-0.803,-0.00246,0.19489,1
678600001,-0.80408,-0.00254,0.19484,1
678800001,-0.8046,-0.00486,0.19422,1
679000001,-0.80584,-0.00106,0.19409,1
679200001,-0.80596,-0.00124,0.194255,1
679400001,-0.80504,-0.0017,0.193785,1
679600001,-0.80324,0.00412,0.196065,1
679800001,-0.80496,-0.00144,0.19563,1
680000001,-0.8032,0.00258,0.195385,1
680200001,-0.80252,0.00028,0.196675,1
680400001,-0.8044,0.00384,0.19616,1
680600001,-0.80308,0.00044,0.19491,1
680800001,-0.80192,0.00662,0.197365,1
681000001,-0.80404,0.00714,0.19807,1
681200001,-0.805401,0.01274,0.19633,1
681400001,-0.80288,0.00212,0.195865,1
681600001,-0.80364,0.00542,0.197915,1
681800001,-0.80152,0.00484,0.197165,1
682000001,-0.8048,0.00682,0.196345,1
682200001,-0.80688,0.0059,0.19444,1
682400001,-0.8052,0.00292,0.195655,1
682600001,-0.80284,0.00518,0.195095,1
682800001,-0.80276,0.00536,0.196695,1
683000001,-0.8052,0.00726,0.196585,1
683200001,-0.80464,0.00132,0.194905,1
683400001,-0.8048,0.00104,0.196,1
683600001,-0.80304,-0.00198,0.195325,1
683800001,-0.803,0.00458,0.19616,1
684000001,-0.80344,0.00346,0.19616,1
684200001,-0.8036,0.00318,0.19625,1
684400001,-0.80216,0.0039,0.19831,1
684600001,-0.80368,-0.0001,0.19747,1
684800001,-0.8046,-0.0004,0.196385,1
685000001,-0.806,-0.00196,0.19336,1
685200001,-0.8058,0.0026,0.1954,1
685400001,-0.805001,0.00852,0.19425,1
685600001,-0.806561,0.00962,0.193545,1
685800001,-0.80788,0.00498,0.19399,1
686000001,-0.80468,0.0075,0.1947,1
686200001,-0.80416,0.00422,0.1948,1
686400001,-0.80512,-6e-05,0.19725,1
686600001,-0.80336,-0.00328,0.195215,1
686800001,-0.803841,-0.01002,0.196465,1
687000001,-0.803361,-0.00792,0.194835,1
687200001,-0.80448,-0.00366,0.195945,1
687400001,-0.80644,-0.0012,0.195935,1
687600001,-0.80572,-0.0033,0.195425,1
687800001,-0.806081,-0.01166,0.19492,1
688000001,-0.8022,-0.00712,0.197725,1
688200001,-0.8012,-0.007,0.19747,1
688400001,-0.799721,-0.0094,0.19928,1
688600001,-0.800441,-0.00806,0.198415,1
688800001,-0.801162,-0.01476,0.197525,1
689000001,-0.802961,-0.01102,0.197855,1
689200001,-0.801002,-0.01604,0.198125,1
689400001,-0.801923,-0.02006,0.198565,1
689600001,-0.802125,-0.02606,0.19845,1.00001
689800001,-0.802926,-0.02738,0.19726,1.00001
690000001,-0.803165,-0.02524,0.196385,1.00001
690200001,-0.803286,-0.02698,0.196845,1.00001
690400001,-0.802607,-0.03004,0.198715,1.00001
690600001,-0.803485,-0.02378,0.197115,1.00001
690800001,-0.802562,-0.01634,0.19791,1
691000001,-0.802164,-0.02148,0.198485,1
691200001,-0.803122,-0.01762,0.197515,1
691400001,-0.803164,-0.02132,0.197305,1
691600001,-0.805242,-0.01626,0.197105,1
691800001,-0.803241,-0.0133,0.19501,1
692000001,-0.802922,-0.01608,0.197145,1
692200001,-0.801761,-0.01224,0.1973,1
692400001,-0.803681,-0.00976,0.19706,1
692600001,-0.805161,-0.01202,0.196895,1
692800001,-0.802442,-0.0143,0.19495,1
693000001,-0.801401,-0.01342,0.19703,1
693200001,-0.800081,-0.0131,0.19876,1
693400001,-0.80332,-0.00578,0.1986,1
693600001,-0.803601,-0.00894,0.19652,1
693800001,-0.802161,-0.01128,0.194755,1
694000001,-0.802682,-0.01394,0.197885,1
694200001,-0.802881,-0.0079,0.19639,1
694400001,-0.803162,-0.01506,0.19735,1
694600001,-0.802322,-0.01666,0.1965,1
694800001,-0.803282,-0.01412,0.196185,1
695000001,-0.803361,-0.0127,0.197155,1
695200001,-0.805122,-0.01384,0.195725,1
695400001,-0.803081,-0.0114,0.19604,1
695600001,-0.802681,-0.00986,0.197255,1
695800001,-0.79896,-0.00768,0.199595,1
696000001,-0.800802,-0.0146,0.19891,1
696200001,-0.800962,-0.01592,0.19843,1
696400001,-0.801402,-0.01574,0.197835,1
696600001,-0.802042,-0.01376,0.196965,1
696800001,-0.800401,-0.01354,0.200065,1
697000001,-0.80148,-0.00786,0.19887,1
697200001,-0.8026,-0.00666,0.19993,1
697400001,-0.80388,-0.00222,0.19543,1
697600001,-0.80576,-0.0068,0.195495,1
697800001,-0.80408,-0.00512,0.19292,1
698000001,-0.80472,-0.00232,0.19626,1
698200001,-0.80588,-0.0035,0.196625,1
698400001,-0.8054,-0.00192,0.195265,1
698600001,-0.80296,-0.00112,0.19556,1
698800001,-0.80284,-0.00154,0.196905,1
699000001,-0.80296,0.002,0.195795,1
699200001,-0.80496,0.0009,0.196185,1
699400001,-0.80592,0.00186,0.19446,1
699600001,-0.80408,0.00118,0.19562,1
699800001,-0.8042,0.00168,0.194675,1
700000001,-0.80432,0.00014,0.196515,1
700200001,-0.80476,-0.00366,0.19504,1
700400001,-0.806121,-0.01072,0.192105,1
700600001,-0.808241,-0.01192,0.1928,1
700800001,-0.804121,-0.01268,0.19279,1
701000001,-0.804481,-0.00984,0.19455,1
701200001,-0.802641,-0.00994,0.196765,1
701400001,-0.803721,-0.01004,0.196925,1
701600001,-0.803481,-0.0111,0.195805,1
701800001,-0.803881,-0.0115,0.19822,1
702000001,-0.802121,-0.01182,0.19537,1
702200001,-0.803602,-0.01646,0.19907,1
702400001,-0.803281,-0.01086,0.19781,1
702600001,-0.804281,-0.0107,0.19844,1
702800001,-0.806041,-0.00956,0.193875,1
703000001,-0.804921,-0.01096,0.19447,1
703200001,-0.804361,-0.013,0.19605,1
703400001,-0.806881,-0.01252,0.19286,1
703600001,-0.805603,-0.01866,0.195245,1
703800001,-0.805645,-0.02476,0.194615,1.00001
704000001,-0.802803,-0.02054,0.195355,1
704200001,-0.804561,-0.01338,0.19608,1
704400001,-0.807762,-0.01494,0.19248,1
704600001,-0.806241,-0.00854,0.1948,1
704800001,-0.805841,-0.00926,0.19402,1
705000001,-0.80404,-0.00724,0.197175,1
705200001,-0.80196,0.00082,0.197975,1
705400001,-0.79848,0.00548,0.199295,1
705600001,-0.7996,0.00248,0.2,1
705800001,-0.80172,0.00288,0.19916,1
706000001,-0.80336,0.00036,0.19871,1
706200001,-0.8028,0.00476,0.19691,1
706400001,-0.803841,0.01174,0.196715,1
706600001,-0.803002,0.01404,0.197625,1
706800001,-0.802922,0.0159,0.197295,1
707000001,-0.802962,0.01438,0.19495,1
707200001,-0.801881,0.0101,0.19939,1
707400001,-0.805521,0.01236,0.198535,1
707600001,-0.803921,0.01116,0.19488,1
707800001,-0.806401,0.01208,0.19544,1
708000001,-0.805881,0.00958,0.192805,1
708200001,-0.806401,0.01214,0.19409,1
708400001,-0.805,0.00422,0.19265,1
708600001,-0.802761,0.00978,0.1959,1
708800001,-0.806922,0.01432,0.196145,1
709000001,-0.808764,0.02104,0.19237,1
709200001,-0.805484,0.02348,0.19499,1.00001
709400001,-0.805603,0.01846,0.194295,1
709600001,-0.803564,0.02256,0.196055,1.00001
709800001,-0.803202,0.01688,0.1946,1
710000001,-0.804483,0.01834,0.194135,1
710200001,-0.802481,0.01334,0.19553,1
710400001,-0.804041,0.01082,0.19424,1
710600001,-0.805681,0.01158,0.19514,1
710800001,-0.80508,0.00472,0.195205,1
711000001,-0.801761,0.0127,0.195675,1
711200001,-0.802761,0.01144,0.198775,1
711400001,-0.802361,0.00902,0.199675,1
711600001,-0.8032,0.0018,0.196475,1
711800001,-0.80396,-0.00342,0.195665,1
712000001,-0.80364,-0.00312,0.197225,1
712200001,-0.804,0.00292,0.19817,1
712400001,-0.8016,0.0047,0.195745,1
712600001,-0.80668,0.00466,0.19477,1
712800001,-0.80668,0.00598,0.1946,1
713000001,-0.8056,0.0046,0.195295,1
713200001,-0.80656,0.00612,0.19305,1
713400001,-0.80536,0.00408,0.19395,1
713600001,-0.8082,0.00242,0.192985,1
713800001,-0.805561,0.00826,0.19308,1
714000001,-0.80356,0.00722,0.19534,1
714200001,-0.803521,0.01152,0.196245,1
714400001,-0.800802,0.01634,0.197385,1
714600001,-0.801522,0.01458,0.1984,1
714800001,-0.804643,0.0187,0.19663,1
715000001,-0.806803,0.02048,0.194565,1
715200001,-0.803206,0.02638,0.193575,1.00001
715400001,-0.802125,0.02378,0.19841,1.00001
715600001,-0.802806,0.02714,0.19547,1.00001
715800001,-0.803364,0.0215,0.19708,1
716000001,-0.805203,0.01886,0.19692,1
716200001,-0.808083,0.01848,0.194135,1
716400001,-0.805401,0.01168,0.1946,1
716600001,-0.80548,0.00504,0.19623,1
716800001,-0.803881,0.00936,0.19353,1
717000001,-0.805721,0.01064,0.19684,1
717200001,-0.807241,0.01022,0.194805,1
717400001,-0.807321,0.009,0.192405,1
717600001,-0.80612,0.0051,0.192215,1
717800001,-0.80812,-0.0057,0.19291,1
718000001,-0.80716,-0.00474,0.19315,1
718200001,-0.80492,0.00156,0.193795,1
718400001,-0.80396,0.00344,0.1958,1
718600001,-0.802641,0.00934,0.197885,1
718800001,-0.802041,0.00898,0.19583,1
719000001,-0.80492,-0.00446,0.19744,1
719200001,-0.801641,-0.00864,0.196705,1
719400001,-0.8014,-0.00274,0.197385,1
719600001,-0.80416,0.00228,0.197245,1
719800001,-0.805361,0.0081,0.195395,1
720000001,-0.806321,0.01114,0.19532,1
720200001,-0.805281,0.01078,0.19316,1
720400001,-0.807002,0.01374,0.19419,1
720600001,-0.804402,0.0162,0.195885,1
720800001,-0.806201,0.01022,0.194485,1
721000001,-0.80548,0.00496,0.194535,1
721200001,-0.80624,0.00408,0.19534,1
721400001,-0.80584,-0.00102,0.193215,1
721600001,-0.80468,0.0014,0.195265,1
721800001,-0.80416,-0.00052,0.19594,1
722000001,-0.8038,0.00556,0.19556,1
722200001,-0.80348,0.00106,0.194225,1
722400001,-0.80564,-0.00286,0.19552,1
722600001,-0.80296,-0.00542,0.19531,1
722800001,-0.80484,-0.00596,0.194295,1
723000001,-0.80804,-0.00514,0.192615,1
723200001,-0.80576,-0.00154,0.19403,1
723400001,-0.80464,-0.00202,0.19302,1
723600001,-0.80548,-0.00042,0.19521,1
723800001,-0.80612,-0.00214,0.1956,1
724000001,-0.80356,-0.00106,0.19586,1
724200001,-0.80344,-0.00258,0.19589,1
724400001,-0.8014,-0.00052,0.198145,1
724600001,-0.799921,0.00926,0.199955,1
724800001,-0.800161,0.01212,0.198435,1
725000001,-0.801201,0.01212,0.199,1
725200001,-0.80104,0.00728,0.199,1
725400001,-0.801201,0.00936,0.19721,1
725600001,-0.80148,0.0053,0.199945,1
725800001,-0.80528,0.00564,0.196465,1
726000001,-0.807841,0.01226,0.193275,1
726200001,-0.809281,0.01012,0.194165,1
726400001,-0.807681,0.01064,0.19198,1
726600001,-0.80576,0.00684,0.19339,1
726800001,-0.80788,-0.0057,0.193005,1
727000001,-0.80556,-0.00778,0.19489,1
727200001,-0.807761,-0.01288,0.192125,1
727400001,-0.803402,-0.0143,0.196025,1
727600001,-0.805881,-0.01184,0.196165,1
727800001,-0.8052,-0.00386,0.195565,1
728000001,-0.80632,-0.00096,0.193855,1
728200001,-0.80428,-0.00282,0.196115,1
728400001,-0.8014,0.00078,0.19638,1
728600001,-0.80316,0.00552,0.197295,1
728800001,-0.80292,0.00284,0.19596,1
729000001,-0.80432,0.00602,0.195085,1
729200001,-0.80544,0.00258,0.19491,1
729400001,-0.80356,-0.0024,0.198035,1
729600001,-0.80276,-0.00512,0.19647,1
729800001,-0.80528,-0.0065,0.197095,1
730000001,-0.8068,-0.00452,0.191265,1
730200001,-0.806481,-0.00814,0.192035,1
730400001,-0.806481,-0.00846,0.19497,1
730600001,-0.80492,-0.00386,0.19451,1
730800001,-0.8046,-0.00726,0.19571,1
731000001,-0.80636,-0.0056,0.195235,1
731200001,-0.807801,-0.0098,0.19173,1
731400001,-0.80524,-0.00264,0.19248,1
731600001,-0.80656,-0.00094,0.194545,1
731800001,-0.80788,-0.00062,0.19273,1
732000001,-0.80572,-0.00244,0.192315,1
732200001,-0.80464,0.00372,0.19509,1
732400001,-0.80504,0.00774,0.194855,1
732600001,-0.805921,0.01328,0.194895,1
732800001,-0.807202,0.01596,0.19294,1
733000001,-0.808882,0.01718,0.190515,1
733200001,-0.806323,0.01838,0.1923,1
733400001,-0.805643,0.01942,0.19381,1
733600001,-0.803684,0.021,0.196865,1
733800001,-0.801043,0.01948,0.19504,1
734000001,-0.802923,0.0179,0.197415,1
734200001,-0.803882,0.01468,0.196725,1
734400001,-0.804081,0.01352,0.19572,1
734600001,-0.80396,0.00632,0.19774,1
734800001,-0.80696,0.00148,0.19642,1
735000001,-0.80364,-0.00206,0.194415,1
735200001,-0.8048,0.0004,0.195785,1
735400001,-0.80296,-0.00048,0.19527,1
735600001,-0.80328,-0.00156,0.19705,1
735800001,-0.80248,-0.00092,0.1955,1
736000001,-0.80228,0.0047,0.198305,1
736200001,-0.80316,0.00384,0.196315,1
736400001,-0.80316,-0.00158,0.196205,1
736600001,-0.80276,-0.00318,0.19656,1
736800001,-0.80076,-0.00672,0.197195,1
737000001,-0.80156,-0.00638,0.198375,1
737200001,-0.799841,-0.00794,0.19863,1
737400001,-0.802201,-0.01132,0.197355,1
737600001,-0.803001,-0.01292,0.1991,1
737800001,-0.803962,-0.01576,0.1956,1
738000001,-0.801962,-0.01638,0.194885,1
738200001,-0.803162,-0.01434,0.19605,1
738400001,-0.80316,-0.00528,0.198895,1
738600001,-0.801881,-0.01212,0.19557,1
738800001,-0.804203,-0.01856,0.19742,1
739000001,-0.804163,-0.01946,0.193435,1
739200001,-0.806362,-0.01666,0.19511,1
739400001,-0.809443,-0.0178,0.192455,1
739600001,-0.805124,-0.0218,0.19364,1
739800001,-0.805485,-0.0243,0.194355,1.00001
740000001,-0.802444,-0.02124,0.197325,1
740200001,-0.801964,-0.02212,0.19742,1
740400001,-0.803403,-0.02018,0.198945,1
740600001,-0.803845,-0.02456,0.196395,1.00001
740800001,-0.802884,-0.02216,0.19685,1
741000001,-0.802123,-0.01796,0.19737,1
741200001,-0.803243,-0.01782,0.195115,1
741400001,-0.802041,-0.01228,0.197925,1
741600001,-0.803201,-0.01126,0.196265,1
741800001,-0.804002,-0.0155,0.19663,1
742000001,-0.803443,-0.01836,0.195215,1
742200001,-0.804203,-0.01952,0.1973,1
742400001,-0.802365,-0.02468,0.19779,1.00001
742600001,-0.804768,-0.03138,0.194935,1.00001
742800001,-0.803088,-0.03222,0.19641,1.00001
743000001,-0.805847,-0.03018,0.19516,1.00001
743200001,-0.804085,-0.02458,0.19458,1.00001
743400001,-0.806764,-0.02294,0.19268,1.00001
743600001,-0.806126,-0.02664,0.193865,1.00001
743800001,-0.802124,-0.0226,0.19614,1.00001
744000001,-0.803004,-0.02176,0.19728,1
744200001,-0.803682,-0.01632,0.19708,1
744400001,-0.800762,-0.01466,0.197235,1
744600001,-0.804442,-0.01626,0.19748,1
744800001,-0.803524,-0.02222,0.19524,1
745000001,-0.805002,-0.01416,0.196765,1
745200001,-0.804403,-0.01784,0.19457,1
745400001,-0.804004,-0.02216,0.19553,1
745600001,-0.807684,-0.0225,0.194555,1.00001
745800001,-0.806605,-0.02394,0.19402,1.00001
746000001,-0.806163,-0.01932,0.194795,1
746200001,-0.806562,-0.01642,0.195255,1
746400001,-0.803962,-0.01514,0.19464,1
746600001,-0.804321,-0.01026,0.19547,1
746800001,-0.801561,-0.0087,0.19634,1
747000001,-0.80512,-0.00252,0.197545,1
747200001,-0.80304,0.00284,0.19712,1
747400001,-0.800601,0.0093,0.197635,1
747600001,-0.800921,0.00896,0.198215,1
747800001,-0.802961,0.00814,0.198885,1
748000001,-0.802201,0.00892,0.199255,1
748200001,-0.801041,0.0093,0.198675,1
748400001,-0.80008,0.00772,0.197945,1
748600001,-0.800841,0.01014,0.197775,1
748800001,-0.80272,0.00492,0.197555,1
749000001,-0.8024,0.00344,0.19679,1
749200001,-0.80464,0.00438,0.196495,1
749400001,-0.8028,0.00012,0.196125,1
749600001,-0.80464,0.00216,0.1955,1
749800001,-0.8044,0.0028,0.19472,1
750000001,-0.80596,-0.00352,0.1951,1
750200001,-0.80664,0.00112,0.19324,1
750400001,-0.80708,0.00092,0.19546,1
750600001,-0.805001,0.00934,0.193565,1
750800001,-0.803921,0.01098,0.19567,1
751000001,-0.804721,0.01066,0.19674,1
751200001,-0.803321,0.0097,0.19495,1
751400001,-0.806961,0.00954,0.19588,1
751600001,-0.80636,0.00292,0.194315,1
751800001,-0.80612,0.00768,0.19339,1
752000001,-0.80392,0.00712,0.19474,1
752200001,-0.806081,0.01274,0.194275,1
752400001,-0.80752,0.00462,0.19333,1
752600001,-0.80544,-0.00102,0.1929,1
752800001,-0.80472,0.0041,0.19443,1
753000001,-0.80484,0.00318,0.19453,1
753200001,-0.80604,0.00284,0.195865,1
753400001,-0.80548,0.00058,0.194045,1
753600001,-0.80688,0.00576,0.193755,1
753800001,-0.806561,0.01066,0.195305,1
754000001,-0.808921,0.01228,0.193415,1
754200001,-0.806042,0.0168,0.19437,1
754400001,-0.807883,0.0197,0.192715,1
754600001,-0.806243,0.01938,0.19401,1
754800001,-0.805483,0.01882,0.19569,1
755000001,-0.805682,0.0167,0.19484,1
755200001,-0.801003,0.01854,0.19574,1
755400001,-0.800844,0.02202,0.19882,1
755600001,-0.800203,0.01972,0.198085,1
755800001,-0.801564,0.02122,0.199975,1
756000001,-0.802363,0.01832,0.197905,1
756200001,-0.804001,0.0135,0.197665,1
756400001,-0.805041,0.01178,0.19645,1
756600001,-0.806521,0.01132,0.195605,1
756800001,-0.8052,0.00588,0.1942,1
757000001,-0.80276,-0.00238,0.195195,1
757200001,-0.80172,-0.00078,0.19781,1
757400001,-0.80148,-0.00206,0.19712,1
757600001,-0.80252,0.00278,0.19751,1
757800001,-0.80388,0.0027,0.19531,1
758000001,-0.8068,0.00428,0.194115,1
758200001,-0.80548,0.00416,0.19367,1
758400001,-0.803921,0.00932,0.19383,1
758600001,-0.804242,0.01716,0.19497,1
758800001,-0.803962,0.01658,0.196515,1
759000001,-0.804882,0.01464,0.195545,1
759200001,-0.802522,0.0162,0.19513,1
759400001,-0.802001,0.01014,0.197525,1
759600001,-0.802641,0.00978,0.19711,1
759800001,-0.804361,0.01282,0.19584,1
760000001,-0.804241,0.01166,0.1963,1
760200001,-0.804241,0.00806,0.19709,1
760400001,-0.805441,0.00864,0.195105,1
760600001,-0.802441,0.00818,0.196085,1
760800001,-0.802561,0.01162,0.19736,1
761000001,-0.80452,0.00412,0.198065,1
761200001,-0.806,0.00452,0.19557,1
761400001,-0.80556,0.0042,0.19387,1
761600001,-0.80876,0.00766,0.193625,1
761800001,-0.80764,0.00464,0.192795,1
762000001,-0.8072,0.0048,0.19422,1
762200001,-0.806921,0.00806,0.193695,1
762400001,-0.80264,-2e-05,0.19448,1
762600001,-0.80604,0.00588,0.194505,1
762800001,-0.80516,0.00714,0.194255,1
763000001,-0.805361,0.00924,0.194165,1
763200001,-0.8032,0.00664,0.19481,1
763400001,-0.80408,0.0033,0.196595,1
763600001,-0.80896,0.00358,0.19597,1
763800001,-0.80492,-0.00502,0.19501,1
764000001,-0.8068,-0.0039,0.19399,1
764200001,-0.803801,-0.00902,0.19524,1
764400001,-0.806362,-0.01384,0.193465,1
764600001,-0.804842,-0.0142,0.19556,1
764800001,-0.805721,-0.01278,0.194865,1
765000001,-0.805,-0.0058,0.194125,1
765200001,-0.80376,0.0003,0.194195,1
765400001,-0.80192,0.00176,0.197635,1
765600001,-0.80224,0.00236,0.1974,1
765800001,-0.80132,0.0041,0.198925,1
766000001,-0.80504,0.0065,0.19558,1
766200001,-0.8028,0.0063,0.19744,1
766400001,-0.80444,0.003,0.197255,1
766600001,-0.80516,0.0021,0.194575,1
766800001,-0.80532,0.002,0.197645,1
767000001,-0.80468,-0.00318,0.196075,1
767200001,-0.80328,-0.00208,0.195185,1
767400001,-0.80552,-0.00098,0.197145,1
767600001,-0.80504,-0.00084,0.196745,1
767800001,-0.80628,-0.00482,0.195445,1
768000001,-0.80628,-0.00332,0.193665,1
768200001,-0.80504,-0.00304,0.19594,1
768400001,-0.80476,-0.00494,0.195225,1
768600001,-0.8066,-0.00366,0.19316,1
768800001,-0.804161,-0.01024,0.193725,1
769000001,-0.80316,-0.005,0.19528,1
769200001,-0.804161,-0.00908,0.19538,1
769400001,-0.80612,-0.0044,0.19466,1
769600001,-0.80392,-0.00576,0.19457,1
769800001,-0.80312,-0.00546,0.195135,1
770000001,-0.803602,-0.01436,0.195315,1
770200001,-0.805721,-0.01346,0.195415,1
770400001,-0.8068,-0.00404,0.194885,1
770600001,-0.8048,0.00134,0.196965,1
770800001,-0.80648,0.00116,0.197045,1
771000001,-0.8046,0.00072,0.1944,1
771200001,-0.80396,-0.00422,0.196085,1
771400001,-0.80092,-0.00488,0.195865,1
771600001,-0.80188,-0.00112,0.19779,1
771800001,-0.80112,-0.0009,0.196595,1
772000001,-0.80152,0.00086,0.19897,1
772200001,-0.80344,-0.00204,0.196295,1
772400001,-0.80288,-0.0072,0.19596,1
772600001,-0.80556,-0.0022,0.19742,1
772800001,-0.8048,-0.00298,0.193325,1
773000001,-0.80496,-0.00124,0.195475,1
773200001,-0.8088,-0.00408,0.19226,1
773400001,-0.80528,-0.0005,0.191245,1
773600001,-0.80636,0.0002,0.195305,1
773800001,-0.806,0.00158,0.194545,1
774000001,-0.80792,0.00496,0.193815,1
774200001,-0.8038,-0.0037,0.193455,1
774400001,-0.79944,0.0004,0.197315,1
774600001,-0.8042,-0.00344,0.19623,1
774800001,-0.8064,-0.00654,0.192265,1
775000001,-0.80684,-0.0049,0.19516,1
775200001,-0.80472,-0.00434,0.19461,1
775400001,-0.80396,-0.00614,0.19484,1
775600001,-0.803401,-0.01206,0.19649,1
775800001,-0.802201,-0.01044,0.195615,1
776000001,-0.804601,-0.01018,0.196915,1
776200001,-0.80604,-0.0063,0.19399,1
776400001,-0.804121,-0.00942,0.19586,1
776600001,-0.80604,-0.0068,0.192445,1
776800001,-0.80592,-0.00654,0.195445,1
777000001,-0.80292,0.0005,0.19654,1
777200001,-0.80272,0.00694,0.19575,1
777400001,-0.80496,0.00516,0.195295,1
777600001,-0.80508,0.00264,0.19514,1
777800001,-0.80548,0.00504,0.19633,1
778000001,-0.80652,0.00594,0.192165,1
778200001,-0.806361,0.01346,0.19327,1
778400001,-0.803521,0.01156,0.195645,1
778600001,-0.805562,0.01372,0.19426,1
778800001,-0.806482,0.01692,0.19432,1
779000001,-0.803402,0.01664,0.19339,1
779200001,-0.806122,0.017,0.19371,1
779400001,-0.807281,0.0129,0.194515,1
779600001,-0.805842,0.01696,0.194695,1
779800001,-0.803842,0.01678,0.195375,1
780000001,-0.803242,0.01628,0.195485,1
780200001,-0.801763,0.01954,0.197585,1
780400001,-0.803164,0.02192,0.196405,1
780600001,-0.803003,0.02002,0.195815,1
780800001,-0.803243,0.02026,0.19655,1
781000001,-0.804083,0.01848,0.195115,1
781200001,-0.802723,0.01824,0.19604,1
781400001,-0.804563,0.02066,0.196395,1
781600001,-0.806241,0.01354,0.19267,1
781800001,-0.803521,0.0105,0.19581,1
782000001,-0.80332,0.00432,0.196325,1
782200001,-0.80328,0.00512,0.1953,1
782400001,-0.8024,0.00698,0.198385,1
782600001,-0.803681,0.01106,0.19772,1
782800001,-0.80172,0.004,0.197235,1
783000001,-0.79888,0.0001,0.198825,1
783200001,-0.80428,-0.003,0.200525,1
783400001,-0.80364,-0.00392,0.19601,1
783600001,-0.803,-0.00548,0.19619,1
783800001,-0.80276,-0.00474,0.197015,1
784000001,-0.800481,-0.00968,0.199175,1
784200001,-0.80408,-0.00698,0.198185,1
784400001,-0.80076,-0.00564,0.197555,1
784600001,-0.801841,-0.01274,0.196935,1
784800001,-0.804361,-0.01098,0.19564,1
785000001,-0.806561,-0.00858,0.196,1
785200001,-0.80388,-0.00366,0.19408,1
785400001,-0.8038,0.00062,0.19501,1
785600001,-0.80608,-0.0055,0.19528,1
785800001,-0.80492,-0.00726,0.19446,1
786000001,-0.80436,-0.00082,0.19577,1
786200001,-0.80468,0.00184,0.195825,1
786400001,-0.80484,0.00194,0.195805,1
786600001,-0.80464,-0.00656,0.195695,1
786800001,-0.80236,-0.00372,0.19619,1
787000001,-0.80476,-0.0068,0.19585,1
787200001,-0.80468,-0.00236,0.19429,1
787400001,-0.80488,-0.00224,0.19481,1
787600001,-0.8066,-0.0064,0.19459,1
787800001,-0.805162,-0.0155,0.193025,1
788000001,-0.806604,-0.02204,0.194785,1
788200001,-0.806762,-0.01474,0.195135,1
788400001,-0.803483,-0.01974,0.19678,1
788600001,-0.803683,-0.01916,0.197955,1
788800001,-0.802322,-0.01548,0.19742,1
789000001,-0.803803,-0.01914,0.197415,1
789200001,-0.804163,-0.01814,0.19606,1
789400001,-0.801882,-0.01646,0.19563,1
789600001,-0.804722,-0.01412,0.196185,1
789800001,-0.803084,-0.02178,0.196625,1
790000001,-0.802604,-0.02138,0.19551,1
790200001,-0.805684,-0.02172,0.195365,1
790400001,-0.807725,-0.0252,0.19228,1.00001
790600001,-0.806361,-0.01256,0.19395,1
790800001,-0.805321,-0.00838,0.195205,1
791000001,-0.80612,-0.00166,0.19351,1
791200001,-0.80504,-0.00234,0.19523,1
791400001,-0.8028,-0.00264,0.197525,1
791600001,-0.80152,0.0023,0.197415,1
791800001,-0.80168,0.00308,0.198375,1
792000001,-0.80312,0.00282,0.198145,1
792200001,-0.80284,0.00526,0.19641,1
792400001,-0.80708,0.0034,0.197125,1
792600001,-0.80312,0.00134,0.194675,1
792800001,-0.80432,0.00256,0.196825,1
793000001,-0.8042,-0.0022,0.19464,1
793200001,-0.80652,-0.0024,0.19503,1
793400001,-0.80404,-2e-05,0.194465,1
793600001,-0.80576,-0.0009,0.19619,1
793800001,-0.8056,0.0054,0.194405,1
794000001,-0.804721,0.01106,0.193725,1
794200001,-0.80568,0.00692,0.193475,1
794400001,-0.807201,0.00934,0.194615,1
794600001,-0.806561,0.0082,0.192945,1
794800001,-0.806881,0.01236,0.19395,1
795000001,-0.810201,0.00826,0.191155,1
795200001,-0.80868,0.00724,0.191425,1
795400001,-0.806561,0.00824,0.19151,1
795600001,-0.808521,0.00984,0.19095,1
795800001,-0.806241,0.01102,0.194435,1
796000001,-0.804401,0.00992,0.194665,1
796200001,-0.804482,0.0155,0.195575,1
796400001,-0.804683,0.01836,0.195235,1
796600001,-0.806442,0.01554,0.194325,1
796800001,-0.803922,0.01618,0.19426,1
797000001,-0.804403,0.01874,0.19554,1
797200001,-0.802324,0.02338,0.19471,1.00001
797400001,-0.804922,0.01668,0.195765,1
797600001,-0.804282,0.01628,0.1941,1
797800001,-0.803201,0.01212,0.1954,1
798000001,-0.806281,0.00954,0.196535,1
798200001,-0.804161,0.0081,0.19632,1
798400001,-0.80788,0.00674,0.19539,1
798600001,-0.807321,0.01328,0.193085,1
798800001,-0.807281,0.01276,0.19291,1
799000001,-0.80536,0.0074,0.1928,1
799200001,-0.806443,0.01856,0.19297,1
799400001,-0.807084,0.02358,0.191995,1.00001
799600001,-0.805324,0.0231,0.19342,1.00001
799800001,-0.804963,0.0178,0.193385,1
800000001,-0.803082,0.01538,0.198775,1
800200001,-0.805521,0.01198,0.19568,1
800400001,-0.80392,0.00604,0.195425,1
800600001,-0.80324,0.00416,0.1953,1
800800001,-0.8044,0.00644,0.19609,1
801000001,-0.805642,0.01474,0.195595,1
801200001,-0.807162,0.01498,0.19293,1
801400001,-0.804362,0.01598,0.19618,1
801600001,-0.805281,0.01268,0.195465,1
801800001,-0.806282,0.017,0.19358,1
802000001,-0.805523,0.01786,0.195245,1
802200001,-0.803361,0.01046,0.19615,1
802400001,-0.804041,0.01038,0.19477,1
802600001,-0.80516,0.00456,0.195855,1
802800001,-0.80392,0.00054,0.194475,1
803000001,-0.80544,-0.00208,0.194045,1
803200001,-0.808,0.00354,0.192165,1
803400001,-0.80656,0.00372,0.193205,1
803600001,-0.80608,-0.00366,0.194745,1
803800001,-0.8074,0.00158,0.19432,1
804000001,-0.80628,0.00402,0.19379,1
804200001,-0.804641,0.00816,0.195625,1
804400001,-0.80476,0.0032,0.19631,1
804600001,-0.80444,-0.0013,0.196735,1
804800001,-0.8052,-0.00436,0.193885,1
805000001,-0.80704,-0.00602,0.194825,1
805200001,-0.807481,-0.00866,0.19314,1
805400001,-0.80668,-0.0059,0.195,1
805600001,-0.80152,-0.00386,0.19485,1
805800001,-0.804921,-0.01208,0.195105,1
806000001,-0.805961,-0.01164,0.19452,1
806200001,-0.806561,-0.00814,0.193535,1
806400001,-0.806921,-0.00928,0.192195,1
806600001,-0.80576,-0.00734,0.193075,1
806800001,-0.80704,-0.00382,0.19332,1
807000001,-0.80672,0.00142,0.19228,1
807200001,-0.80832,0.00376,0.191275,1
807400001,-0.80388,0.00052,0.19539,1
807600001,-0.803161,0.00948,0.19598,1
807800001,-0.80352,0.0018,0.19647,1
808000001,-0.80476,0.0048,0.19571,1
808200001,-0.80208,0.00236,0.19446,1
808400001,-0.79848,0.00554,0.199505,1
808600001,-0.80028,0.00606,0.20063,1
808800001,-0.801362,0.01468,0.200065,1
809000001,-0.802441,0.01234,0.196935,1
809200001,-0.80052,0.00708,0.195475,1
809400001,-0.800841,0.01154,0.197285,1
809600001,-0.80104,0.00594,0.19812,1
809800001,-0.803721,0.00974,0.19468,1
810000001,-0.804441,0.01356,0.197075,1
810200001,-0.804042,0.01588,0.19705,1
810400001,-0.803482,0.01556,0.19662,1
810600001,-0.803281,0.01278,0.197165,1
810800001,-0.806001,0.01036,0.196215,1
811000001,-0.80544,0.00778,0.194505,1
811200001,-0.8072,0.00712,0.192625,1
811400001,-0.808,0.00052,0.1931,1
811600001,-0.80552,-0.0033,0.192175,1
811800001,-0.80652,-0.00572,0.192825,1
812000001,-0.804561,-0.00934,0.195765,1
812200001,-0.806641,-0.0124,0.194145,1
812400001,-0.805721,-0.00972,0.19364,1
812600001,-0.805442,-0.01646,0.194155,1
812800001,-0.805123,-0.01928,0.194835,1
813000001,-0.806003,-0.0206,0.19431,1
813200001,-0.807285,-0.02496,0.19348,1.00001
813400001,-0.808403,-0.01824,0.19132,1
813600001,-0.807802,-0.01718,0.192085,1
813800001,-0.804842,-0.01618,0.19655,1
814000001,-0.801681,-0.01218,0.19542,1
814200001,-0.80336,-0.00514,0.19768,1
814400001,-0.80496,-0.0059,0.1948,1
814600001,-0.803681,-0.00888,0.194395,1
814800001,-0.80356,-0.0006,0.19645,1
815000001,-0.80296,0.0058,0.19625,1
815200001,-0.80636,0.00518,0.195365,1
815400001,-0.80328,0.00674,0.19619,1
815600001,-0.806561,0.00888,0.195185,1
815800001,-0.80668,0.0006,0.19521,1
816000001,-0.80704,-0.00192,0.1926,1
816200001,-0.80512,-0.00518,0.193285,1
816400001,-0.80384,0.00108,0.194565,1
816600001,-0.80276,0.00082,0.197745,1
816800001,-0.80192,-0.00592,0.197825,1
817000001,-0.80296,-0.00368,0.19812,1
817200001,-0.80396,-0.0033,0.198815,1
817400001,-0.80404,-0.00038,0.19788,1
817600001,-0.80336,-0.00124,0.195365,1
817800001,-0.8034,-8e-05,0.19304,1
818000001,-0.80468,-0.00302,0.194755,1
818200001,-0.803801,-0.0098,0.197275,1
818400001,-0.803,-0.00788,0.1962,1
818600001,-0.802961,-0.00858,0.196565,1
818800001,-0.803081,-0.0115,0.19795,1
819000001,-0.80268,-0.00772,0.196505,1
819200001,-0.80024,-0.00424,0.19968,1
819400001,-0.80472,-0.0035,0.197925,1
819600001,-0.80216,-0.00466,0.1958,1
819800001,-0.80316,0.0001,0.19907,1
820000001,-0.8024,-0.00278,0.1969,1
820200001,-0.801,-0.005,0.197575,1
820400001,-0.80352,-0.00582,0.197815,1
820600001,-0.80336,0.00194,0.19631,1
820800001,-0.80208,-0.00012,0.195145,1
821000001,-0.80276,-0.001,0.19785,1
821200001,-0.80452,0.00486,0.197355,1
821400001,-0.8018,0.00202,0.19655,1
821600001,-0.80408,0.00514,0.19584,1
821800001,-0.80232,0.00556,0.196735,1
822000001,-0.80444,0.0023,0.194735,1
822200001,-0.80304,0.0034,0.194945,1
822400001,-0.80228,0.0013,0.198235,1
822600001,-0.8058,-0.0019,0.19559,1
822800001,-0.80652,0.0038,0.194755,1
823000001,-0.80348,0.00598,0.194255,1
823200001,-0.803121,0.00942,0.19648,1
823400001,-0.80108,0.0008,0.197115,1
823600001,-0.80436,0.00256,0.19615,1
823800001,-0.8042,-0.00026,0.196575,1
824000001,-0.80372,0.00434,0.19597,1
824200001,-0.8074,0.00044,0.194435,1
824400001,-0.806,-0.00204,0.19248,1
824600001,-0.80512,-0.00326,0.193525,1
824800001,-0.80404,-0.00728,0.195695,1
825000001,-0.80576,-0.00176,0.19631,1
825200001,-0.80628,-0.00064,0.19524,1
825400001,-0.8052,-0.0056,0.19486,1
825600001,-0.8084,-0.00196,0.19505,1
825800001,-0.806121,-0.0098,0.19337,1
826000001,-0.80356,-0.00534,0.194445,1
826200001,-0.80536,-0.0029,0.19654,1
826400001,-0.805881,-0.01104,0.194775,1
826600001,-0.805321,-0.0089,0.194085,1
826800001,-0.806161,-0.01086,0.19571,1
827000001,-0.806482,-0.01444,0.193235,1
827200001,-0.803881,-0.0093,0.195625,1
827400001,-0.80504,-0.00748,0.192965,1
827600001,-0.805321,-0.00966,0.192845,1
827800001,-0.805842,-0.0155,0.19294,1
828000001,-0.805641,-0.01186,0.19386,1
828200001,-0.80636,-0.00704,0.193005,1
828400001,-0.802161,-0.00812,0.19514,1
828600001,-0.80116,-0.00778,0.197945,1
828800001,-0.80256,-0.00734,0.19725,1
829000001,-0.80008,-0.00288,0.201465,1
829200001,-0.80036,0.00162,0.199825,1
829400001,-0.8018,-0.0015,0.19964,1
829600001,-0.80056,-0.00436,0.199325,1
829800001,-0.80188,-0.00456,0.19821,1
830000001,-0.80224,-0.00188,0.1985,1
830200001,-0.80164,-0.00134,0.197465,1
830400001,-0.80864,0.00074,0.19634,1
830600001,-0.805001,0.0091,0.1931,1
830800001,-0.80628,0.00752,0.195215,1
831000001,-0.803521,0.00838,0.193815,1
831200001,-0.80632,0.0072,0.195495,1
831400001,-0.80228,0.0066,0.19637,1
831600001,-0.80432,0.0001,0.196555,1
831800001,-0.8046,4e-05,0.197315,1
832000001,-0.805,-0.00292,0.19455,1
832200001,-0.80232,-0.00268,0.19616,1
832400001,-0.80424,-0.00012,0.19661,1
832600001,-0.80284,0.00346,0.196865,1
832800001,-0.80352,0.00474,0.19642,1
833000001,-0.80648,0.00682,0.19399,1
833200001,-0.80644,0.00776,0.192845,1
833400001,-0.80764,0.00372,0.19299,1
833600001,-0.80632,0.00064,0.19319,1
833800001,-0.80428,0.00762,0.194525,1
834000001,-0.80456,0.00142,0.19447,1
834200001,-0.80432,0.00194,0.19443,1
834400001,-0.80636,0.00154,0.19367,1
834600001,-0.8068,0.00258,0.19212,1
834800001,-0.80528,0.00416,0.195355,1
835000001,-0.80524,0.00516,0.19401,1
835200001,-0.80684,0.00572,0.19362,1
835400001,-0.804601,0.00956,0.19512,1
835600001,-0.805281,0.0111,0.195395,1
835800001,-0.80488,0.00698,0.19577,1
836000001,-0.80484,0.0052,0.195375,1
836200001,-0.80416,0.00626,0.195105,1
836400001,-0.80612,-0.00418,0.19765,1
836600001,-0.80808,-0.00738,0.19389,1
836800001,-0.807121,-0.01086,0.1911,1
837000001,-0.807081,-0.01124,0.193055,1
837200001,-0.805361,-0.01044,0.19509,1
837400001,-0.805281,-0.00812,0.1949,1
837600001,-0.802441,-0.009,0.19551,1
837800001,-0.805681,-0.01024,0.19722,1
838000001,-0.804201,-0.01018,0.194485,1
838200001,-0.80408,-0.00592,0.196565,1
838400001,-0.80536,-0.00408,0.1953,1
838600001,-0.8042,-0.00018,0.195545,1
838800001,-0.80716,-0.00334,0.19498,1
839000001,-0.80676,0.00074,0.19339,1
839200001,-0.80432,0.00194,0.19473,1
839400001,-0.80376,0.00078,0.19763,1
839600001,-0.80292,-0.001,0.195855,1
839800001,-0.80508,0.00612,0.19679,1
840000001,-0.80656,0.0052,0.19407,1
840200001,-0.80616,0.00294,0.193265,1
840400001,-0.80632,-0.00254,0.19425,1
840600001,-0.80512,-0.00546,0.19484,1
840800001,-0.804401,-0.0101,0.19622,1
841000001,-0.80444,-0.0048,0.195575,1
841200001,-0.80564,-0.00426,0.194495,1
841400001,-0.805161,-0.00918,0.19474,1
841600001,-0.80568,-0.0056,0.195385,1
841800001,-0.80428,-0.0015,0.194115,1
842000001,-0.80704,-0.00354,0.19585,1
842200001,-0.80628,0.00404,0.192805,1
842400001,-0.80532,0.00342,0.193865,1
842600001,-0.804,-0.00198,0.19592,1
842800001,-0.80588,0.00068,0.194155,1
843000001,-0.80436,0.0059,0.193195,1
843200001,-0.80476,0.00216,0.195235,1
843400001,-0.80412,0.00286,0.194955,1
843600001,-0.80616,0.00372,0.194335,1
843800001,-0.799521,0.01248,0.1966,1
844000001,-0.802401,0.00792,0.19818,1
844200001,-0.80184,-0.0025,0.196405,1
844400001,-0.805,-0.00606,0.19514,1
844600001,-0.8056,-0.0065,0.19358,1
844800001,-0.805641,-0.00792,0.194895,1
845000001,-0.802,-0.00324,0.19727,1
845200001,-0.80288,-0.00404,0.19818,1
845400001,-0.80464,-0.00726,0.195335,1
845600001,-0.80396,-0.00668,0.194365,1
845800001,-0.80464,-0.00332,0.19577,1
846000001,-0.80464,-0.005,0.19511,1
846200001,-0.803841,-0.01116,0.19534,1
846400001,-0.805241,-0.01036,0.19487,1
846600001,-0.80404,-0.00686,0.194025,1
846800001,-0.8042,-0.00316,0.193435,1
847000001,-0.80476,-0.0071,0.194865,1
847200001,-0.80368,-0.0049,0.19588,1
847400001,-0.80552,-0.00324,0.195015,1
847600001,-0.80344,-0.00072,0.1948,1
847800001,-0.8058,-0.00672,0.19595,1
848000001,-0.80716,-0.00226,0.195065,1
848200001,-0.80524,-0.00148,0.192655,1
848400001,-0.8066,0.00256,0.19509,1
848600001,-0.80568,0.0037,0.195465,1
848800001,-0.80548,0.0044,0.194885,1
849000001,-0.8086,0.00484,0.19401,1
849200001,-0.805361,0.01072,0.19394,1
849400001,-0.805881,0.01314,0.194495,1
849600001,-0.804681,0.01282,0.19415,1
849800001,-0.803762,0.01606,0.19497,1
850000001,-0.801726,0.02716,0.195105,1.00001
850200001,-0.802409,0.03436,0.1991,1.00001
850400001,-0.803809,0.03352,0.19651,1.00001
850600001,-0.80489,0.03464,0.19666,1.00001
850800001,-0.805376,0.0447,0.193895,1.00002
851000001,-0.804176,0.04526,0.196,1.00002
851200001,-0.803496,0.04488,0.197515,1.00002
851400001,-0.804655,0.04346,0.193895,1.00002
851600001,-0.803854,0.04172,0.194845,1.00002
851800001,-0.808053,0.03954,0.193965,1.00002
852000001,-0.804737,0.04582,0.19479,1.00002
852200001,-0.804217,0.04576,0.196065,1.00002
852400001,-0.804896,0.0449,0.197105,1.00002
852600001,-0.803573,0.04058,0.19795,1.00002
852800001,-0.801531,0.03694,0.19622,1.00001
853000001,-0.805531,0.03688,0.196595,1.00001
853200001,-0.804927,0.02982,0.195825,1.00001
853400001,-0.805369,0.03292,0.192715,1.00001
853600001,-0.805247,0.02858,0.195725,1.00001
853800001,-0.808927,0.02906,0.19219,1.00001
854000001,-0.805286,0.02712,0.191975,1.00001
854200001,-0.802767,0.0303,0.197705,1.00001
854400001,-0.805769,0.03264,0.194905,1.00001
854600001,-0.806368,0.03112,0.19587,1.00001
854800001,-0.806407,0.02902,0.194265,1.00001
855000001,-0.806086,0.02638,0.19253,1.00001
855200001,-0.804764,0.02202,0.19408,1
855400001,-0.805245,0.0246,0.196195,1.00001
855600001,-0.806843,0.01918,0.195035,1
855800001,-0.807405,0.0239,0.1933,1.00001
856000001,-0.805324,0.02328,0.193525,1.00001
856200001,-0.804806,0.027,0.19513,1.00001
856400001,-0.806526,0.02682,0.194235,1.00001
856600001,-0.807043,0.01972,0.195035,1
856800001,-0.803922,0.0155,0.193465,1
857000001,-0.804841,0.0131,0.19441,1
857200001,-0.801522,0.01504,0.198205,1
857400001,-0.803763,0.0181,0.196655,1
857600001,-0.802603,0.01988,0.195885,1
857800001,-0.803722,0.01634,0.195325,1
858000001,-0.80388,0.00646,0.19515,1
858200001,-0.80476,0.00046,0.19704,1
858400001,-0.80536,0.00654,0.19474,1
858600001,-0.80732,0.006,0.195575,1
858800001,-0.80636,0.0059,0.193415,1
859000001,-0.80596,0.00286,0.19484,1
859200001,-0.80528,0.00146,0.19526,1
859400001,-0.80704,-0.00144,0.191935,1
859600001,-0.805561,-0.0082,0.19427,1
859800001,-0.805601,-0.009,0.19487,1
860000001,-0.807241,-0.0092,0.19251,1
860200001,-0.804762,-0.01452,0.19336,1
860400001,-0.806562,-0.01554,0.194735,1
860600001,-0.804762,-0.01386,0.19354,1
860800001,-0.806241,-0.0103,0.19491,1
861000001,-0.8046,-0.00512,0.196325,1
861200001,-0.80544,-0.00084,0.1932,1
861400001,-0.80372,0.00106,0.197455,1
861600001,-0.803881,0.00806,0.19519,1
861800001,-0.804521,0.01076,0.195945,1
862000001,-0.803682,0.01386,0.195725,1
862200001,-0.80396,0.00778,0.19546,1
862400001,-0.802321,0.00792,0.197345,1
862600001,-0.802161,0.01238,0.198295,1
862800001,-0.802521,0.0112,0.196655,1
863000001,-0.80252,0.00512,0.19744,1
863200001,-0.80492,0.00454,0.196405,1
863400001,-0.80552,0.0037,0.1952,1
863600001,-0.80372,-0.00144,0.194945,1
863800001,-0.8036,0.00048,0.19386,1
864000001,-0.80332,0.00256,0.19586,1
864200001,-0.80464,0.00296,0.19403,1
864400001,-0.8062,0.00136,0.19521,1
864600001,-0.80292,-0.00416,0.19542,1
864800001,-0.80288,-0.00096,0.19807,1
865000001,-0.80316,-0.00546,0.195685,1
865200001,-0.80276,-0.00186,0.19589,1
865400001,-0.806081,-0.00834,0.19632,1
865600001,-0.805721,-0.00952,0.195435,1
865800001,-0.802921,-0.0095,0.195525,1
866000001,-0.803522,-0.01412,0.196995,1
866200001,-0.80256,-0.00742,0.195795,1
866400001,-0.803121,-0.00842,0.19537,1
866600001,-0.80404,-0.00644,0.197275,1
866800001,-0.80536,0.0038,0.19557,1
867000001,-0.80508,0.00078,0.195555,1
867200001,-0.8052,-0.003,0.194905,1
867400001,-0.80212,-0.00218,0.195225,1
867600001,-0.80588,-0.00664,0.195215,1
867800001,-0.805481,-0.00844,0.19401,1
868000001,-0.80596,-0.0062,0.19376,1
868200001,-0.80256,-0.00678,0.196795,1
868400001,-0.80148,-0.00504,0.197185,1
868600001,-0.80548,-0.00562,0.196985,1
868800001,-0.80484,-0.00456,0.195045,1
869000001,-0.801,-0.00054,0.196595,1
869200001,-0.80156,0.00548,0.195215,1
869400001,-0.80284,-0.0008,0.19665,1
869600001,-0.80436,-0.00416,0.19582,1
869800001,-0.80516,-0.0017,0.195815,1
870000001,-0.80516,-0.00398,0.19355,1
870200001,-0.8042,-0.00512,0.194795,1
870400001,-0.80336,-0.0061,0.196425,1
870600001,-0.8058,-0.00746,0.19604,1
870800001,-0.80492,-0.0048,0.194675,1
871000001,-0.80368,-0.0059,0.196615,1
871200001,-0.806121,-0.0082,0.195955,1
871400001,-0.80428,-0.00364,0.1944,1
871600001,-0.80644,-0.00712,0.19481,1
871800001,-0.803841,-0.01058,0.194585,1
872000001,-0.802881,-0.01054,0.195,1
872200001,-0.802283,-0.01766,0.19621,1
872400001,-0.802042,-0.01544,0.197895,1
872600001,-0.806002,-0.01482,0.196805,1
872800001,-0.805203,-0.01854,0.19355,1
873000001,-0.805284,-0.02182,0.19298,1
873200001,-0.806442,-0.0161,0.19446,1
873400001,-0.80752,-0.00612,0.192415,1
873600001,-0.80696,-0.00588,0.19448,1
873800001,-0.80668,-0.0003,0.192515,1
874000001,-0.80448,0.0017,0.1941,1
874200001,-0.805,0.0075,0.19492,1
874400001,-0.802961,0.00894,0.1967,1
874600001,-0.80516,0.00628,0.195015,1
874800001,-0.80376,0.00286,0.196315,1
875000001,-0.80676,0.00608,0.193935,1
875200001,-0.80476,-0.00132,0.19413,1
875400001,-0.803,-0.00102,0.198125,1
875600001,-0.80492,-0.00216,0.197725,1
875800001,-0.8058,-0.00394,0.196165,1
876000001,-0.8026,-0.00436,0.195445,1
876200001,-0.804761,-0.00872,0.19543,1
876400001,-0.8038,-0.00404,0.19455,1
876600001,-0.803241,-0.01138,0.195915,1
876800001,-0.802961,-0.00978,0.19767,1
877000001,-0.802881,-0.01064,0.197435,1
877200001,-0.803521,-0.0119,0.195825,1
877400001,-0.805001,-0.01346,0.19733,1
877600001,-0.806121,-0.01314,0.19517,1
877800001,-0.804401,-0.01062,0.19416,1
878000001,-0.8046,-0.00514,0.19413,1
878200001,-0.80596,-0.00696,0.194075,1
878400001,-0.804281,-0.01216,0.19604,1
878600001,-0.803241,-0.00974,0.195055,1
878800001,-0.804561,-0.00856,0.197365,1
879000001,-0.805361,-0.00922,0.196755,1
879200001,-0.80352,-0.00692,0.197315,1
879400001,-0.804201,-0.00876,0.19818,1
879600001,-0.800321,-0.00992,0.19819,1
879800001,-0.804761,-0.01324,0.19604,1
880000001,-0.804482,-0.01528,0.19841,1
880200001,-0.803364,-0.02316,0.19587,1.00001
880400001,-0.805604,-0.02212,0.19633,1
880600001,-0.806483,-0.01888,0.1935,1
880800001,-0.803922,-0.0173,0.193485,1
881000001,-0.806642,-0.01428,0.195955,1
881200001,-0.80496,-0.00724,0.19507,1
881400001,-0.802561,-0.0082,0.19506,1
881600001,-0.80416,-0.00744,0.19694,1
881800001,-0.80528,-0.00246,0.195175,1
882000001,-0.8064,-0.002,0.194365,1
882200001,-0.80616,-0.00704,0.19402,1
882400001,-0.8062,-0.00566,0.194505,1
882600001,-0.80752,-0.00584,0.193385,1
882800001,-0.80576,-0.00314,0.194085,1
883000001,-0.8048,-0.0074,0.195665,1
883200001,-0.802721,-0.00854,0.197185,1
883400001,-0.804602,-0.01386,0.19746,1
883600001,-0.804202,-0.01498,0.19573,1
883800001,-0.805002,-0.0163,0.19515,1
884000001,-0.801521,-0.01206,0.19687,1
884200001,-0.803521,-0.01332,0.198025,1
884400001,-0.801802,-0.01402,0.196905,1
884600001,-0.804722,-0.0146,0.197025,1
884800001,-0.806482,-0.01448,0.19449,1
885000001,-0.808321,-0.01328,0.19351,1
885200001,-0.804242,-0.01624,0.19131,1
885400001,-0.805801,-0.01358,0.194055,1
885600001,-0.804722,-0.01668,0.194525,1
885800001,-0.804124,-0.02182,0.193735,1
886000001,-0.803002,-0.01642,0.19638,1
886200001,-0.803282,-0.01396,0.197745,1
886400001,-0.802681,-0.01122,0.196415,1
886600001,-0.802683,-0.01856,0.196435,1
886800001,-0.803282,-0.01512,0.19729,1
887000001,-0.803841,-0.0096,0.19632,1
887200001,-0.805321,-0.01266,0.194395,1
887400001,-0.8054,-0.00366,0.19419,1
887600001,-0.804001,-0.00892,0.195555,1
887800001,-0.804801,-0.00794,0.196205,1
888000001,-0.804641,-0.0094,0.194295,1
888200001,-0.805921,-0.0091,0.194825,1
888400001,-0.807761,-0.0095,0.19414,1
888600001,-0.80572,-0.00132,0.193865,1
888800001,-0.80216,-0.00422,0.196495,1
889000001,-0.802641,-0.0103,0.19517,1
889200001,-0.803401,-0.01326,0.19687,1
889400001,-0.802002,-0.01422,0.19778,1
889600001,-0.803241,-0.0119,0.1959,1
889800001,-0.806161,-0.01312,0.195435,1
890000001,-0.805002,-0.01542,0.195155,1
890200001,-0.806521,-0.01304,0.195575,1
890400001,-0.803961,-0.01334,0.195995,1
890600001,-0.803721,-0.011,0.195815,1
890800001,-0.803921,-0.01088,0.19588,1
891000001,-0.802562,-0.01508,0.19558,1
891200001,-0.800522,-0.01428,0.19924,1
891400001,-0.800561,-0.01218,0.199115,1
891600001,-0.803322,-0.01728,0.197775,1
891800001,-0.803403,-0.01838,0.196405,1
892000001,-0.802961,-0.01156,0.195255,1
892200001,-0.807201,-0.01178,0.193805,1
892400001,-0.807161,-0.01342,0.19241,1
892600001,-0.807123,-0.02066,0.19345,1
892800001,-0.803604,-0.02154,0.19542,1
893000001,-0.804762,-0.01762,0.19663,1
893200001,-0.804603,-0.01984,0.196675,1
893400001,-0.802681,-0.01118,0.196705,1
893600001,-0.80268,-0.0078,0.197295,1
893800001,-0.80624,-0.00578,0.197065,1
894000001,-0.80776,-0.00276,0.192535,1
894200001,-0.80468,-0.00356,0.19322,1
894400001,-0.80308,-0.00578,0.195165,1
894600001,-0.80556,-0.00114,0.1945,1
894800001,-0.80588,-0.00548,0.193045,1
895000001,-0.80424,-0.00488,0.1959,1
895200001,-0.80276,-0.00012,0.19618,1
895400001,-0.802561,-0.00884,0.19748,1
895600001,-0.802281,-0.01276,0.19717,1
895800001,-0.803601,-0.01284,0.19514,1
896000001,-0.806283,-0.01808,0.19379,1
896200001,-0.807762,-0.01536,0.19464,1
896400001,-0.808122,-0.01664,0.19179,1
896600001,-0.805762,-0.01396,0.19421,1
896800001,-0.805441,-0.01136,0.19458,1
897000001,-0.806282,-0.01526,0.195205,1
897200001,-0.806241,-0.01328,0.194805,1
897400001,-0.80584,-0.00526,0.195115,1
897600001,-0.80564,-0.00242,0.19436,1
897800001,-0.80352,0.00102,0.19372,1
898000001,-0.803441,-0.00956,0.195865,1
898200001,-0.801161,-0.01244,0.19625,1
898400001,-0.8034,-0.00768,0.19828,1
898600001,-0.80328,-0.00726,0.197115,1
898800001,-0.8018,-0.00776,0.197325,1
899000001,-0.80208,-0.00554,0.196565,1
899200001,-0.80232,-0.0054,0.195845,1
899400001,-0.80248,-0.0026,0.19709,1
899600001,-0.80044,-0.0051,0.197665,1
899800001,-0.8056,-0.00766,0.19662,1
900000001,-0.80512,-0.0048,0.195195,1
900200001,-0.80432,-0.00404,0.196,1
900400001,-0.803281,-0.00822,0.194335,1
900600001,-0.805121,-0.01008,0.195645,1
900800001,-0.80016,-0.00712,0.19667,1
901000001,-0.80216,-0.0073,0.198995,1
901200001,-0.803081,-0.0085,0.19758,1
901400001,-0.804521,-0.00958,0.19641,1
901600001,-0.805,-0.00712,0.195955,1
901800001,-0.80428,-0.00676,0.19639,1
902000001,-0.80372,-0.00576,0.19662,1
902200001,-0.80512,-0.0053,0.196385,1
902400001,-0.80288,-0.00764,0.195605,1
902600001,-0.801401,-0.00856,0.19647,1
902800001,-0.804921,-0.01096,0.19586,1
903000001,-0.802602,-0.01664,0.19513,1
903200001,-0.804122,-0.01586,0.196885,1
903400001,-0.804241,-0.01362,0.19494,1
903600001,-0.806161,-0.01248,0.196125,1
903800001,-0.805322,-0.01436,0.19431,1
904000001,-0.804842,-0.01728,0.19461,1
904200001,-0.807882,-0.0141,0.191745,1
904400001,-0.804521,-0.01148,0.194895,1
904600001,-0.803642,-0.01406,0.196345,1
904800001,-0.806721,-0.01202,0.19721,1
905000001,-0.80452,-0.00774,0.19565,1
905200001,-0.80348,0.00338,0.19477,1
905400001,-0.80436,0.00254,0.19649,1
905600001,-0.80612,0.00056,0.196025,1
905800001,-0.80396,0.00516,0.19482,1
906000001,-0.805041,0.0091,0.194935,1
906200001,-0.803881,0.00876,0.195665,1
906400001,-0.80384,0.0069,0.195675,1
906600001,-0.804481,0.00922,0.19662,1
906800001,-0.804921,0.0127,0.19454,1
907000001,-0.805081,0.00974,0.19544,1
907200001,-0.8036,0.00718,0.19412,1
907400001,-0.803361,0.00994,0.19731,1
907600001,-0.802842,0.0141,0.19775,1
907800001,-0.807121,0.01242,0.19437,1
908000001,-0.802841,0.00798,0.19308,1
908200001,-0.804561,0.00804,0.195805,1
908400001,-0.803241,0.01032,0.19739,1
908600001,-0.804321,0.00848,0.19711,1
908800001,-0.805801,0.01098,0.196615,1
909000001,-0.804401,0.0117,0.19435,1
909200001,-0.80316,0.0071,0.19712,1
909400001,-0.802441,0.00818,0.1979,1
909600001,-0.8032,-0.00564,0.196435,1
909800001,-0.804,-0.00072,0.19626,1
910000001,-0.80224,0.00064,0.19736,1
910200001,-0.80372,-0.00712,0.19566,1
910400001,-0.8054,-0.00176,0.19638,1
910600001,-0.80388,-0.00366,0.195445,1
910800001,-0.80456,-0.00694,0.19406,1
911000001,-0.802841,-0.00838,0.19425,1
911200001,-0.803601,-0.00822,0.1956,1
911400001,-0.803561,-0.00838,0.19632,1
911600001,-0.8032,-0.00638,0.19736,1
911800001,-0.79976,-0.00256,0.199115,1
912000001,-0.80152,-0.00186,0.199435,1
912200001,-0.80296,-0.00424,0.197695,1
912400001,-0.801441,-0.00796,0.19751,1
912600001,-0.80248,-0.006,0.19653,1
912800001,-0.8016,-0.00464,0.19927,1
913000001,-0.80092,0.00288,0.19787,1
913200001,-0.80044,-0.00056,0.2006,1
913400001,-0.80528,0.0015,0.197615,1
913600001,-0.80436,-4e-05,0.196395,1
913800001,-0.80332,-0.00378,0.195675,1
914000001,-0.80676,0.00106,0.19587,1
914200001,-0.80612,-0.00088,0.195965,1
914400001,-0.80836,-0.00404,0.19258,1
914600001,-0.8028,-0.00634,0.195385,1
914800001,-0.80424,-0.0037,0.19463,1
915000001,-0.8054,-0.00414,0.19451,1
915200001,-0.8054,-0.0035,0.19372,1
915400001,-0.80492,0.00084,0.196455,1
915600001,-0.80568,0.00042,0.193975,1
915800001,-0.8068,-0.00174,0.19447,1
916000001,-0.80784,-0.00368,0.194265,1
916200001,-0.805041,-0.00958,0.195175,1
916400001,-0.80668,-0.00492,0.193655,1
916600001,-0.80612,-0.00442,0.193285,1
916800001,-0.80496,-0.00712,0.193625,1
917000001,-0.80384,-0.00496,0.19459,1
917200001,-0.80736,-0.00604,0.19391,1
917400001,-0.8058,-0.00268,0.19334,1
917600001,-0.8062,0.00212,0.19128,1
917800001,-0.80632,-0.00014,0.194225,1
918000001,-0.8028,-0.00238,0.19583,1
918200001,-0.80516,-0.00654,0.1952,1
918400001,-0.80636,-0.00248,0.193325,1
918600001,-0.805441,-0.01356,0.19216,1
918800001,-0.806881,-0.0106,0.19526,1
919000001,-0.804881,-0.01034,0.194525,1
919200001,-0.80404,-0.00456,0.195045,1
919400001,-0.805081,-0.00792,0.19453,1
919600001,-0.80684,-0.00726,0.195955,1
919800001,-0.8084,-0.00778,0.19323,1
920000001,-0.80568,-0.00696,0.191765,1
920200001,-0.80732,-0.00682,0.192405,1
920400001,-0.80684,-0.00048,0.192755,1
920600001,-0.80552,-0.00298,0.194125,1
920800001,-0.806041,-0.00798,0.19235,1
921000001,-0.807041,-0.01194,0.19272,1
921200001,-0.807442,-0.0142,0.193355,1
921400001,-0.805042,-0.0154,0.19461,1
921600001,-0.807361,-0.0096,0.19358,1
921800001,-0.805281,-0.00966,0.193195,1
922000001,-0.80484,-0.0016,0.195705,1
922200001,-0.8038,-0.00156,0.19649,1
922400001,-0.80528,-0.0023,0.197435,1
922600001,-0.80264,-0.006,0.195215,1
922800001,-0.8062,-0.00302,0.194365,1
923000001,-0.80384,-0.00154,0.193,1
923200001,-0.80356,-0.00146,0.19586,1
923400001,-0.80524,-0.00316,0.194725,1
923600001,-0.80552,-0.00314,0.195665,1
923800001,-0.80628,0.00178,0.19325,1
924000001,-0.80484,-0.0015,0.19281,1
924200001,-0.80316,0.00072,0.195855,1
924400001,-0.80416,-6e-05,0.195935,1
924600001,-0.8022,0.00274,0.19669,1
924800001,-0.80272,0.00448,0.194765,1
925000001,-0.8038,0.00358,0.196585,1
925200001,-0.80364,-0.00462,0.19722,1
925400001,-0.804121,-0.00956,0.195575,1
925600001,-0.805561,-0.01282,0.194205,1
925800001,-0.803801,-0.01108,0.195035,1
926000001,-0.803961,-0.01212,0.19631,1
926200001,-0.798762,-0.01392,0.19801,1
926400001,-0.802321,-0.0096,0.1989,1
926600001,-0.800801,-0.00814,0.199785,1
926800001,-0.80256,-0.00444,0.197125,1
927000001,-0.80388,-0.00476,0.1964,1
927200001,-0.80524,-0.00192,0.19625,1
927400001,-0.80596,-0.00702,0.196475,1
927600001,-0.80668,-0.00666,0.19277,1
927800001,-0.804922,-0.01536,0.195385,1
928000001,-0.804322,-0.01484,0.19494,1
928200001,-0.805041,-0.01262,0.196565,1
928400001,-0.806441,-0.0132,0.192765,1
928600001,-0.805922,-0.0139,0.195565,1
928800001,-0.807202,-0.01452,0.192755,1
929000001,-0.805721,-0.0133,0.193875,1
929200001,-0.80484,-0.00654,0.19197,1
929400001,-0.802921,-0.00836,0.196115,1
929600001,-0.805801,-0.01062,0.195725,1
929800001,-0.8042,-0.00616,0.196805,1
930000001,-0.80368,-0.00548,0.19552,1
930200001,-0.80412,-0.0067,0.196175,1
930400001,-0.806963,-0.01886,0.19652,1
930600001,-0.808323,-0.02072,0.192945,1
930800001,-0.805204,-0.02364,0.19321,1.00001
931000001,-0.803885,-0.0239,0.195215,1.00001
931200001,-0.803244,-0.0221,0.19355,1
931400001,-0.803802,-0.01718,0.19599,1
931600001,-0.804002,-0.01426,0.19612,1
931800001,-0.804042,-0.01728,0.196475,1
932000001,-0.802322,-0.01416,0.19844,1
932200001,-0.800322,-0.01762,0.197135,1
932400001,-0.803442,-0.01466,0.1985,1
932600001,-0.806523,-0.01782,0.19538,1
932800001,-0.806081,-0.01058,0.19264,1
933000001,-0.802961,-0.0089,0.19645,1
933200001,-0.805361,-0.01148,0.195935,1
933400001,-0.803923,-0.0188,0.19444,1
933600001,-0.805401,-0.01314,0.193775,1
933800001,-0.806041,-0.01072,0.193995,1
934000001,-0.804001,-0.01062,0.194555,1
934200001,-0.804321,-0.009,0.194705,1
934400001,-0.804761,-0.00852,0.1961,1
934600001,-0.80456,-0.002,0.19588,1
934800001,-0.80532,-0.00582,0.194065,1
935000001,-0.804841,-0.0087,0.19507,1
935200001,-0.80584,-0.00354,0.19389,1
935400001,-0.8086,0.00302,0.19357,1
935600001,-0.80544,0.00412,0.194235,1
935800001,-0.80496,0.00548,0.196,1
936000001,-0.80552,0.00324,0.19327,1
936200001,-0.80428,-0.0022,0.19759,1
936400001,-0.80396,4e-05,0.19735,1
936600001,-0.80144,0.00178,0.196265,1
936800001,-0.80368,-0.00128,0.196805,1
937000001,-0.80348,0.00012,0.19497,1
937200001,-0.80184,0.00412,0.19767,1
937400001,-0.80268,0.00272,0.19836,1
937600001,-0.80172,0.0057,0.196215,1
937800001,-0.80476,-0.00226,0.19617,1
938000001,-0.8036,0.00346,0.1929,1
938200001,-0.80452,-0.00194,0.19699,1
938400001,-0.80368,-0.00372,0.195325,1
938600001,-0.80392,-0.00368,0.19479,1
938800001,-0.80284,-0.0014,0.19723,1
939000001,-0.80264,0.007,0.19754,1
939200001,-0.80504,0.00502,0.195075,1
939400001,-0.80668,0.00208,0.194855,1
939600001,-0.80348,0.0016,0.19521,1
939800001,-0.806801,0.0107,0.194365,1
940000001,-0.805482,0.01562,0.19444,1
940200001,-0.805602,0.01652,0.196415,1
940400001,-0.803241,0.01022,0.194985,1
940600001,-0.802522,0.01476,0.197455,1
940800001,-0.803044,0.02246,0.198845,1.00001
941000001,-0.804804,0.02152,0.195515,1
941200001,-0.805083,0.019,0.19373,1
941400001,-0.805484,0.021,0.19304,1
941600001,-0.805442,0.01376,0.19383,1
941800001,-0.805682,0.01514,0.194355,1
942000001,-0.805561,0.01362,0.19445,1
942200001,-0.807521,0.00794,0.19261,1
942400001,-0.80884,0.00064,0.195785,1
942600001,-0.805721,0.00922,0.193525,1
942800001,-0.805521,0.01242,0.19473,1
943000001,-0.806522,0.01464,0.193695,1
943200001,-0.806523,0.01896,0.193,1
943400001,-0.808163,0.01882,0.192225,1
943600001,-0.805164,0.02232,0.193615,1
943800001,-0.804684,0.02108,0.19586,1
944000001,-0.804922,0.01666,0.195995,1
944200001,-0.803441,0.0133,0.19821,1
944400001,-0.804121,0.01012,0.197505,1
944600001,-0.806241,0.01244,0.1947,1
944800001,-0.806961,0.01158,0.193435,1
945000001,-0.807241,0.00902,0.19177,1
945200001,-0.80852,0.00756,0.192405,1
945400001,-0.8084,0.00608,0.19202,1
945600001,-0.804961,0.008,0.19294,1
945800001,-0.804881,0.00812,0.19594,1
946000001,-0.8024,0.00252,0.19546,1
946200001,-0.803241,0.01046,0.196485,1
946400001,-0.805082,0.01422,0.19636,1
946600001,-0.803161,0.01084,0.196495,1
946800001,-0.803841,0.01254,0.194875,1
947000001,-0.808163,0.01816,0.193415,1
947200001,-0.804762,0.01702,0.193805,1
947400001,-0.804283,0.01824,0.195505,1
947600001,-0.806162,0.0163,0.194135,1
947800001,-0.804842,0.0169,0.19341,1
948000001,-0.805242,0.01688,0.195155,1
948200001,-0.806042,0.01706,0.194155,1
948400001,-0.804081,0.0122,0.195995,1
948600001,-0.804641,0.0091,0.196535,1
948800001,-0.8024,0.00532,0.196635,1
949000001,-0.80388,0.00696,0.1966,1
949200001,-0.803641,0.00906,0.197125,1
949400001,-0.803241,0.01208,0.195725,1
949600001,-0.80452,0.00678,0.197065,1
949800001,-0.80176,0.00592,0.197255,1
950000001,-0.802721,0.01342,0.195665,1
950200001,-0.800841,0.00854,0.19794,1
950400001,-0.80172,0.00526,0.19991,1
950600001,-0.8026,-0.00038,0.19627,1
950800001,-0.8038,-0.0018,0.196345,1
951000001,-0.80372,-0.00154,0.196955,1
951200001,-0.80432,-0.00708,0.194985,1
951400001,-0.80336,-0.00518,0.196635,1
951600001,-0.80308,-0.00296,0.195725,1
951800001,-0.8056,-0.00614,0.195375,1
952000001,-0.805921,-0.00834,0.19606,1
952200001,-0.804641,-0.01266,0.19436,1
952400001,-0.805281,-0.00958,0.19496,1
952600001,-0.80484,-0.00774,0.19593,1
952800001,-0.802601,-0.00866,0.19566,1
953000001,-0.80172,-0.00194,0.19763,1
953200001,-0.8028,-0.00564,0.198795,1
953400001,-0.80208,-0.00768,0.19674,1
953600001,-0.80168,-0.00324,0.19856,1
953800001,-0.80184,-0.00768,0.19643,1
954000001,-0.80376,-0.00712,0.19651,1
954200001,-0.8032,-0.00536,0.19737,1
954400001,-0.801,-0.00326,0.198085,1
954600001,-0.80416,-0.00282,0.19782,1
954800001,-0.80304,-0.0024,0.196445,1
955000001,-0.80384,0.00182,0.196605,1
955200001,-0.80476,0.00502,0.19535,1
955400001,-0.8052,0.00202,0.1954,1
955600001,-0.80328,0.00202,0.19472,1
955800001,-0.80372,0.00014,0.19687,1
956000001,-0.803,0.00656,0.198575,1
956200001,-0.80488,0.00088,0.19506,1
956400001,-0.80308,-4e-05,0.19561,1
956600001,-0.80368,-0.00246,0.197375,1
956800001,-0.806,-0.00212,0.196285,1
957000001,-0.80508,-0.00132,0.19335,1
957200001,-0.80316,-0.00196,0.19628,1
957400001,-0.80276,-0.00416,0.19687,1
957600001,-0.80384,0.00144,0.19638,1
957800001,-0.80432,-0.0008,0.19734,1
958000001,-0.80472,-4e-05,0.19365,1
958200001,-0.80568,-0.00516,0.19515,1
958400001,-0.80252,-0.00624,0.19539,1
958600001,-0.80628,-0.00604,0.19515,1
958800001,-0.8056,-0.00706,0.192835,1
959000001,-0.806161,-0.00938,0.19464,1
959200001,-0.803922,-0.0148,0.196075,1
959400001,-0.805122,-0.01482,0.196195,1
959600001,-0.805481,-0.01318,0.19712,1
959800001,-0.802081,-0.00794,0.19594,1
960000001,-0.804281,-0.01228,0.197615,1
960200001,-0.805001,-0.00798,0.196355,1
960400001,-0.80436,-0.00502,0.1947,1
960600001,-0.80588,-0.00258,0.19442,1
960800001,-0.8058,-0.00326,0.19516,1
961000001,-0.80552,-0.00196,0.193845,1
961200001,-0.8038,-0.00578,0.193795,1
961400001,-0.8052,-0.0003,0.19532,1
961600001,-0.80296,-0.00116,0.195235,1
961800001,-0.80432,-0.00662,0.194805,1
962000001,-0.8034,-0.00566,0.19648,1
962200001,-0.803401,-0.01088,0.195015,1
962400001,-0.806521,-0.01294,0.195365,1
962600001,-0.803041,-0.01362,0.19588,1
962800001,-0.804521,-0.01032,0.195905,1
963000001,-0.805282,-0.0176,0.19491,1
963200001,-0.804682,-0.01474,0.193155,1
963400001,-0.804401,-0.01128,0.194315,1
963600001,-0.807201,-0.01044,0.19388,1
963800001,-0.806361,-0.01072,0.19402,1
964000001,-0.80556,-0.00608,0.19397,1
964200001,-0.80644,-0.00544,0.19297,1
964400001,-0.804761,-0.01112,0.19495,1
964600001,-0.801242,-0.01432,0.19388,1
964800001,-0.803643,-0.0178,0.19727,1
965000001,-0.803562,-0.01524,0.19647,1
965200001,-0.801002,-0.01694,0.198755,1
965400001,-0.802042,-0.0148,0.197765,1
965600001,-0.803441,-0.01018,0.196135,1
965800001,-0.80248,-0.0037,0.19736,1
966000001,-0.80376,-0.0025,0.19581,1
966200001,-0.80616,0.00022,0.19485,1
966400001,-0.80628,-0.00208,0.195315,1
966600001,-0.80536,-0.0024,0.19499,1
966800001,-0.804721,-0.00906,0.196265,1
967000001,-0.804961,-0.01068,0.195785,1
967200001,-0.804681,-0.01126,0.194765,1
967400001,-0.804522,-0.01512,0.196295,1
967600001,-0.805602,-0.01368,0.19562,1
967800001,-0.804642,-0.01748,0.19459,1
968000001,-0.805081,-0.01178,0.195395,1
968200001,-0.80624,-0.00504,0.194265,1
968400001,-0.8064,-0.00436,0.19532,1
968600001,-0.80496,-0.00232,0.19403,1
968800001,-0.80584,-0.00234,0.193865,1
969000001,-0.8062,-0.00092,0.191805,1
969200001,-0.805881,-0.00902,0.194495,1
969400001,-0.808041,-0.0097,0.19197,1
969600001,-0.8064,-0.00656,0.193505,1
969800001,-0.80336,-0.00406,0.195285,1
970000001,-0.80236,-0.0014,0.196975,1
970200001,-0.80208,-0.00278,0.196435,1
970400001,-0.80336,-0.00062,0.19837,1
970600001,-0.8026,-0.00456,0.196075,1
970800001,-0.8038,4e-05,0.19756,1
971000001,-0.80412,-0.0022,0.19598,1
971200001,-0.80344,-0.00654,0.197985,1
971400001,-0.80528,-0.007,0.196635,1
971600001,-0.804961,-0.01036,0.19525,1
971800001,-0.802601,-0.0081,0.197065,1
972000001,-0.803961,-0.0081,0.19547,1
972200001,-0.803481,-0.01096,0.194195,1
972400001,-0.807962,-0.0137,0.195225,1
972600001,-0.807641,-0.01172,0.192295,1
972800001,-0.806161,-0.01098,0.193445,1
973000001,-0.804721,-0.0109,0.19525,1
973200001,-0.8038,-0.00468,0.197325,1
973400001,-0.801761,-0.00992,0.19669,1
973600001,-0.8028,-0.00238,0.196525,1
973800001,-0.80644,-0.0002,0.194535,1
974000001,-0.80408,0.00172,0.1952,1
974200001,-0.80696,-0.00016,0.19594,1
974400001,-0.80344,-0.0006,0.19458,1
974600001,-0.80212,-0.00258,0.198035,1
974800001,-0.803281,-0.0114,0.197245,1
975000001,-0.805121,-0.01298,0.195445,1
975200001,-0.80512,-0.00466,0.19517,1
975400001,-0.80524,-0.00354,0.19434,1
975600001,-0.80404,0.00182,0.196,1
975800001,-0.807121,0.00916,0.194375,1
976000001,-0.804761,0.01262,0.193745,1
976200001,-0.806044,0.02308,0.196945,1.00001
976400001,-0.802364,0.02228,0.19698,1
976600001,-0.806523,0.01764,0.19599,1
976800001,-0.807042,0.01422,0.194115,1
977000001,-0.806004,0.02234,0.19294,1
977200001,-0.806843,0.01936,0.193405,1
977400001,-0.806562,0.01612,0.19363,1
977600001,-0.804121,0.01004,0.19697,1
977800001,-0.802481,0.00888,0.19652,1
978000001,-0.801721,0.01118,0.196725,1
978200001,-0.800681,0.00924,0.198935,1
978400001,-0.804121,0.01136,0.19709,1
978600001,-0.803921,0.01074,0.195155,1
978800001,-0.803001,0.00842,0.19709,1
979000001,-0.80304,0.00236,0.198335,1
979200001,-0.803241,0.011,0.1982,1
979400001,-0.800721,0.0083,0.197855,1
979600001,-0.80164,0.00608,0.199165,1
979800001,-0.80484,0.00702,0.196135,1
980000001,-0.804121,0.0089,0.19465,1
980200001,-0.804761,0.01054,0.19612,1
980400001,-0.805321,0.00838,0.19605,1
980600001,-0.803402,0.01692,0.194515,1
980800001,-0.803041,0.0111,0.196355,1
981000001,-0.80216,0.00632,0.197965,1
981200001,-0.80124,-0.0026,0.197,1
981400001,-0.80324,-0.00318,0.193895,1
981600001,-0.80448,-0.0035,0.19765,1
981800001,-0.805801,-0.00806,0.19416,1
982000001,-0.80556,-0.00666,0.19388,1
982200001,-0.806121,-0.00888,0.195125,1
982400001,-0.80592,-4e-05,0.1944,1
982600001,-0.80648,0.0022,0.19551,1
982800001,-0.8026,-0.00662,0.196535,1
983000001,-0.8034,-0.00754,0.19752,1
983200001,-0.80376,-0.0043,0.19646,1
983400001,-0.8056,0.0034,0.195835,1
983600001,-0.80532,0.0022,0.19307,1
983800001,-0.80568,0.00302,0.195835,1
984000001,-0.80152,0.00526,0.19377,1
984200001,-0.802401,0.00838,0.1975,1
984400001,-0.8046,-0.00124,0.196795,1
984600001,-0.8048,0.00316,0.19311,1
984800001,-0.8062,-0.00142,0.193845,1
985000001,-0.80884,-0.00146,0.19272,1
985200001,-0.8076,-0.00038,0.19368,1
985400001,-0.80784,-0.00346,0.19212,1
985600001,-0.80748,-0.00606,0.19367,1
985800001,-0.806841,-0.00982,0.19275,1
986000001,-0.805802,-0.01372,0.193995,1
986200001,-0.804481,-0.00914,0.195045,1
986400001,-0.805361,-0.0082,0.196625,1
986600001,-0.80356,-0.00704,0.19644,1
986800001,-0.804161,-0.00796,0.19516,1
987000001,-0.80536,-0.00392,0.19489,1
987200001,-0.80504,-0.00078,0.193835,1
987400001,-0.80636,0.00566,0.19348,1
987600001,-0.804,-0.00198,0.19414,1
987800001,-0.80524,-0.00588,0.195255,1
988000001,-0.8042,0.00156,0.1945,1
988200001,-0.80688,0.00372,0.19281,1
988400001,-0.8072,0.00202,0.192355,1
988600001,-0.80672,0.00628,0.192125,1
988800001,-0.806521,0.0087,0.193145,1
989000001,-0.80436,0.00176,0.192525,1
989200001,-0.806,-0.00044,0.19619,1
989400001,-0.80376,-0.00048,0.195,1
989600001,-0.8056,-0.00288,0.19528,1
989800001,-0.8078,0.00046,0.194995,1
990000001,-0.80592,0.00282,0.19127,1
990200001,-0.8054,-0.00478,0.19143,1
990400001,-0.805401,-0.01334,0.19454,1
990600001,-0.806362,-0.01682,0.19284,1
990800001,-0.80696,-0.00712,0.193955,1
991000001,-0.80564,-0.00148,0.19243,1
991200001,-0.80576,-0.00654,0.192675,1
991400001,-0.80444,0.00114,0.19432,1
991600001,-0.80672,-0.00034,0.19518,1
991800001,-0.80632,-0.00368,0.193385,1
992000001,-0.80552,-0.0057,0.194625,1
992200001,-0.80436,-0.00766,0.19677,1
992400001,-0.80204,-0.0061,0.19702,1
992600001,-0.80424,-0.00674,0.19694,1
992800001,-0.80116,-0.0054,0.197735,1
993000001,-0.7998,-0.00712,0.19976,1
993200001,-0.80212,-0.0071,0.198915,1
993400001,-0.80396,-0.006,0.196355,1
993600001,-0.80224,-0.00512,0.19671,1
993800001,-0.80336,-0.00364,0.19733,1
994000001,-0.803201,-0.01142,0.198035,1
994200001,-0.80616,-0.00208,0.195555,1
994400001,-0.803,-0.00484,0.19456,1
994600001,-0.80272,0.00426,0.197155,1
994800001,-0.804201,0.01158,0.19596,1
995000001,-0.800921,0.01176,0.197025,1
995200001,-0.803881,0.01034,0.198085,1
995400001,-0.80168,0.00588,0.197595,1
995600001,-0.80168,0.00358,0.200015,1
995800001,-0.79988,0.00418,0.19876,1
996000001,-0.7998,0.00142,0.20095,1
996200001,-0.80044,-0.00266,0.20143,1
996400001,-0.800721,-0.00814,0.20027,1
996600001,-0.802521,-0.01116,0.198385,1
996800001,-0.801921,-0.00836,0.19649,1
997000001,-0.803801,-0.00796,0.19759,1
997200001,-0.805882,-0.01574,0.195275,1
997400001,-0.804362,-0.01414,0.19521,1
997600001,-0.80576,-0.00736,0.195425,1
997800001,-0.80524,-0.00434,0.194095,1
998000001,-0.80532,-0.0004,0.195225,1
998200001,-0.8056,0.0035,0.193165,1
998400001,-0.80356,0.0034,0.196335,1
998600001,-0.80388,0.00064,0.19682,1
998800001,-0.8032,0.00042,0.195235,1
999000001,-0.80388,0.00412,0.195305,1
999200001,-0.80536,0.00282,0.198165,1
999400001,-0.80492,0.00614,0.19421,1
999600001,-0.803361,0.00934,0.19731,1
999800001,-0.80396,0.00694,0.19705,1
1000000001,-0.802241,0.00992,0.197525,1
1000200001,-0.802721,0.01246,0.198665,1
1000400001,-0.80508,0.00622,0.19622,1
1000600001,-0.80512,4e-05,0.194635,1
1000800001,-0.80536,-0.00354,0.195565,1
1001000001,-0.8072,-0.00524,0.195595,1
1001200001,-0.805602,-0.01422,0.195105,1
1001400001,-0.804402,-0.01644,0.194695,1
1001600001,-0.799801,-0.01078,0.197145,1
1001800001,-0.803081,-0.01164,0.197405,1
1002000001,-0.802001,-0.00964,0.19855,1
1002200001,-0.803561,-0.00962,0.197345,1
1002400001,-0.804682,-0.01668,0.195395,1
1002600001,-0.805481,-0.01044,0.19474,1
1002800001,-0.8062,-0.0037,0.195925,1
1003000001,-0.80564,-0.00234,0.19285,1
1003200001,-0.8042,-0.00632,0.195435,1
1003400001,-0.80444,-0.00716,0.19534,1
1003600001,-0.805081,-0.01006,0.194105,1
1003800001,-0.804042,-0.01506,0.19521,1
1004000001,-0.803882,-0.01574,0.19474,1
1004200001,-0.80424,-0.00698,0.19747,1
1004400001,-0.8074,-0.0067,0.1935,1
1004600001,-0.80684,-0.0041,0.19393,1
1004800001,-0.806561,-0.0112,0.193175,1
1005000001,-0.807361,-0.01112,0.19189,1
1005200001,-0.804961,-0.01046,0.196325,1
1005400001,-0.803801,-0.00886,0.19364,1
1005600001,-0.80452,-0.00146,0.19622,1
1005800001,-0.80552,0.0045,0.19472,1
1006000001,-0.80404,0.00446,0.19714,1
1006200001,-0.80556,0.00036,0.195145,1
1006400001,-0.80468,-0.00356,0.1939,1
1006600001,-0.80352,-0.00414,0.196335,1
1006800001,-0.80496,-0.00414,0.19717,1
1007000001,-0.80476,-0.00556,0.194365,1
1007200001,-0.801281,-0.01098,0.195025,1
1007400001,-0.803482,-0.01396,0.198115,1
1007600001,-0.803842,-0.01386,0.198755,1
1007800001,-0.803801,-0.01144,0.196545,1
1008000001,-0.802081,-0.00936,0.19624,1
1008200001,-0.803321,-0.00998,0.195795,1
1008400001,-0.80284,-0.00496,0.196175,1
1008600001,-0.80424,-0.00732,0.19508,1
1008800001,-0.804,-0.00432,0.19439,1
1009000001,-0.80608,-0.00222,0.196405,1
1009200001,-0.800401,-0.01046,0.19799,1
1009400001,-0.80164,-0.00786,0.19811,1
1009600001,-0.80452,-0.0073,0.1965,1
1009800001,-0.803882,-0.01394,0.19365,1
1010000001,-0.802722,-0.01464,0.196825,1
1010200001,-0.800442,-0.0159,0.196085,1
1010400001,-0.803322,-0.01502,0.19809,1
1010600001,-0.804522,-0.01658,0.1953,1
1010800001,-0.805601,-0.01152,0.194595,1
1011000001,-0.802601,-0.01058,0.195835,1
1011200001,-0.804001,-0.0081,0.19669,1
1011400001,-0.80488,0.00346,0.1949,1
1011600001,-0.80324,0.00476,0.195095,1
1011800001,-0.80348,0.00168,0.19531,1
1012000001,-0.8052,0.00548,0.19714,1
1012200001,-0.80712,0.00272,0.19475,1
1012400001,-0.80556,0.00432,0.19495,1
1012600001,-0.80492,0.00272,0.19588,1
1012800001,-0.8052,0.00394,0.194035,1
1013000001,-0.806161,0.00876,0.194245,1
1013200001,-0.807202,0.01384,0.19446,1
1013400001,-0.805081,0.01256,0.19489,1
1013600001,-0.8062,0.0066,0.19482,1
1013800001,-0.80536,0.00122,0.195665,1
1014000001,-0.80624,-0.00334,0.19342,1
1014200001,-0.80568,-0.00492,0.193995,1
1014400001,-0.80724,-0.00544,0.19398,1
1014600001,-0.802881,-0.0093,0.192425,1
1014800001,-0.806401,-0.00806,0.1947,1
1015000001,-0.80864,-0.00668,0.193315,1
1015200001,-0.80864,-0.00566,0.191265,1
1015400001,-0.80664,-0.0048,0.192365,1
1015600001,-0.8064,-0.00588,0.19564,1
1015800001,-0.80552,-0.00768,0.19297,1
1016000001,-0.804681,-0.00886,0.194055,1
1016200001,-0.804921,-0.00856,0.196605,1
1016400001,-0.80748,-0.00552,0.19284,1
1016600001,-0.805481,-0.00896,0.19317,1
1016800001,-0.805601,-0.01022,0.196105,1
1017000001,-0.803921,-0.01114,0.19631,1
1017200001,-0.804842,-0.01388,0.196735,1
1017400001,-0.803241,-0.01164,0.19509,1
1017600001,-0.805242,-0.0148,0.19737,1
1017800001,-0.804201,-0.01036,0.19619,1
1018000001,-0.805601,-0.0104,0.19506,1
1018200001,-0.80376,-0.0068,0.19495,1
1018400001,-0.8048,-0.00298,0.196755,1
1018600001,-0.80744,-0.00488,0.193335,1
1018800001,-0.803,-0.00552,0.19413,1
1019000001,-0.8016,-0.00346,0.196675,1
1019200001,-0.80468,-0.00182,0.19716,1
1019400001,-0.80404,-0.00568,0.196615,1
1019600001,-0.80456,-0.00096,0.19445,1
1019800001,-0.80424,0.00032,0.19592,1
1020000001,-0.80348,-0.00376,0.19782,1
1020200001,-0.80412,-0.00328,0.19621,1
1020400001,-0.8044,0.00194,0.195155,1
1020600001,-0.80456,-0.00132,0.194275,1
1020800001,-0.80484,-0.0018,0.19479,1
1021000001,-0.80484,-0.004,0.19389,1
1021200001,-0.80492,-0.00088,0.19429,1
1021400001,-0.80656,0.00028,0.19452,1
1021600001,-0.8072,0.00412,0.19255,1
1021800001,-0.80676,0.00394,0.193155,1
1022000001,-0.80568,0.0037,0.195,1
1022200001,-0.80608,-0.0007,0.19333,1
1022400001,-0.80384,0.00126,0.19563,1
1022600001,-0.80384,-0.0009,0.19514,1
1022800001,-0.80592,-0.00308,0.195685,1
1023000001,-0.80608,0.00296,0.19456,1
1023200001,-0.80504,0.00646,0.195365,1
1023400001,-0.806801,0.01242,0.1929,1
1023600001,-0.80612,0.0078,0.196065,1
1023800001,-0.806681,0.01276,0.19362,1
1024000001,-0.807841,0.01314,0.192745,1
1024200001,-0.807841,0.00984,0.194235,1
1024400001,-0.806201,0.00986,0.191965,1
1024600001,-0.806761,0.00958,0.1931,1
1024800001,-0.807122,0.0138,0.194395,1
1025000001,-0.805842,0.01682,0.194445,1
1025200001,-0.806761,0.01068,0.194195,1
1025400001,-0.805721,0.01284,0.19465,1
1025600001,-0.805521,0.00868,0.19514,1
1025800001,-0.803161,0.01066,0.196605,1
1026000001,-0.800881,0.01018,0.19683,1
1026200001,-0.79936,0.00612,0.199725,1
1026400001,-0.799161,0.00914,0.198835,1
1026600001,-0.801001,0.01264,0.198585,1
1026800001,-0.800481,0.0132,0.19776,1
1027000001,-0.799441,0.01046,0.198455,1
1027200001,-0.80512,0.00478,0.19671,1
1027400001,-0.8034,0.00648,0.195375,1
1027600001,-0.80392,0.00514,0.196705,1
1027800001,-0.80208,0.00212,0.197025,1
1028000001,-0.80372,0.00188,0.19764,1
1028200001,-0.802881,0.00816,0.19623,1
1028400001,-0.80348,0.00472,0.1961,1
1028600001,-0.80312,0.00434,0.195725,1
1028800001,-0.8032,0.0026,0.195315,1
1029000001,-0.8044,0.00324,0.19611,1
1029200001,-0.80064,0.0006,0.19854,1
1029400001,-0.80144,-0.0001,0.198175,1
1029600001,-0.8016,0.00616,0.198705,1
1029800001,-0.80496,0.00758,0.194895,1
1030000001,-0.808,0.00782,0.19426,1
1030200001,-0.80692,0.00164,0.193975,1
1030400001,-0.80744,0.00136,0.1933,1
1030600001,-0.80676,0.00354,0.192275,1
1030800001,-0.806641,0.0084,0.193105,1
1031000001,-0.807321,0.00812,0.19407,1
1031200001,-0.806841,0.01076,0.19249,1
1031400001,-0.804361,0.01358,0.194015,1
1031600001,-0.806201,0.01086,0.19471,1
1031800001,-0.805921,0.01164,0.192045,1
1032000001,-0.806042,0.01482,0.192535,1
1032200001,-0.809082,0.01396,0.193045,1
1032400001,-0.808121,0.01118,0.190465,1
1032600001,-0.808801,0.00822,0.19246,1
1032800001,-0.808042,0.0151,0.19209,1
1033000001,-0.80872,0.00774,0.18977,1
1033200001,-0.80996,0.0051,0.19339,1
1033400001,-0.806401,0.0091,0.19076,1
1033600001,-0.80624,0.00366,0.19354,1
1033800001,-0.80644,0.00036,0.192375,1
1034000001,-0.80424,0.00366,0.196045,1
1034200001,-0.806201,0.00844,0.197035,1
1034400001,-0.80672,0.00564,0.19421,1
1034600001,-0.80596,0.006,0.19518,1
1034800001,-0.802761,0.00852,0.19547,1
1035000001,-0.802641,0.00922,0.198955,1
1035200001,-0.80588,0.00542,0.19725,1
1035400001,-0.80704,-0.00528,0.192485,1
1035600001,-0.80844,-0.00706,0.192385,1
1035800001,-0.807801,-0.00878,0.19243,1
1036000001,-0.80424,-0.0058,0.194245,1
1036200001,-0.80524,-0.0014,0.19434,1
1036400001,-0.80636,-0.00556,0.19461,1
1036600001,-0.80532,0.00592,0.1964,1
1036800001,-0.80224,0.0043,0.194915,1
1037000001,-0.80372,0.00202,0.19612,1
1037200001,-0.80432,0.00662,0.19768,1
1037400001,-0.80252,0.00436,0.196645,1
1037600001,-0.80352,-0.00144,0.19852,1
1037800001,-0.80276,0.00476,0.19549,1
1038000001,-0.80332,-0.00124,0.19843,1
1038200001,-0.80348,0.00072,0.19445,1
1038400001,-0.80288,-0.0067,0.197255,1
1038600001,-0.80576,-0.00082,0.19692,1
1038800001,-0.8082,-0.00244,0.193075,1
1039000001,-0.80856,-0.00308,0.19209,1
1039200001,-0.80724,-0.00294,0.193155,1
1039400001,-0.80468,-0.00184,0.193535,1
1039600001,-0.80732,-0.00318,0.193965,1
1039800001,-0.807241,-0.01116,0.192895,1
1040000001,-0.803121,-0.00886,0.193565,1
1040200001,-0.806,-0.00774,0.19587,1
1040400001,-0.806201,-0.01226,0.19538,1
1040600001,-0.805041,-0.00884,0.193235,1
1040800001,-0.803321,-0.01212,0.19385,1
1041000001,-0.806361,-0.00982,0.194495,1
1041200001,-0.805,-0.00406,0.19366,1
1041400001,-0.80392,0.00276,0.193025,1
1041600001,-0.80452,-0.00104,0.19624,1
1041800001,-0.80652,-0.00232,0.19391,1
1042000001,-0.80816,-2e-05,0.191955,1
1042200001,-0.805,-0.00074,0.19424,1
1042400001,-0.8024,0.00494,0.19616,1
1042600001,-0.80316,0.0069,0.19435,1
1042800001,-0.8024,0.00198,0.19727,1
1043000001,-0.80288,0.00658,0.19796,1
1043200001,-0.80388,0.00234,0.19629,1
1043400001,-0.80444,-1.16755e-17,0.195615,1
1043600001,-0.80292,0.00256,0.19458,1
1043800001,-0.80248,-0.00092,0.19739,1
1044000001,-0.8026,-0.00282,0.197725,1
1044200001,-0.8036,0.00048,0.198185,1
1044400001,-0.80196,0.00054,0.195495,1
1044600001,-0.80584,0.00036,0.195085,1
1044800001,-0.807121,-0.0095,0.197135,1
1045000001,-0.80756,-0.00762,0.19516,1
1045200001,-0.807122,-0.01376,0.193175,1
1045400001,-0.804803,-0.01852,0.19393,1
1045600001,-0.804522,-0.01416,0.19346,1
1045800001,-0.802323,-0.019,0.19709,1
1046000001,-0.804403,-0.018,0.19589,1
1046200001,-0.803361,-0.01198,0.193345,1
1046400001,-0.804241,-0.00906,0.19626,1
1046600001,-0.800801,-0.01016,0.198975,1
1046800001,-0.80136,-0.00528,0.19746,1
1047000001,-0.8038,-0.00284,0.19759,1
1047200001,-0.80232,-0.00148,0.19429,1
1047400001,-0.80116,-0.00518,0.200535,1
1047600001,-0.8024,0.00254,0.19693,1
1047800001,-0.80204,0.002,0.199685,1
1048000001,-0.802201,0.009,0.19705,1
1048200001,-0.805401,0.01014,0.196085,1
1048400001,-0.803603,0.01854,0.19587,1
1048600001,-0.801201,0.0134,0.196775,1
1048800001,-0.802481,0.01066,0.197905,1
1049000001,-0.80084,0.00648,0.197815,1
1049200001,-0.800561,0.00886,0.199055,1
1049400001,-0.803121,0.01008,0.198935,1
1049600001,-0.80304,0.00442,0.196005,1
1049800001,-0.8024,0.00692,0.198785,1
1050000001,-0.80268,0.00404,0.19666,1
1050200001,-0.80228,0.00758,0.197185,1
1050400001,-0.80452,0.00716,0.195945,1
1050600001,-0.804041,0.0089,0.195075,1
1050800001,-0.801641,0.01228,0.196295,1
1051000001,-0.801641,0.0106,0.19691,1
1051200001,-0.803,0.0026,0.19639,1
1051400001,-0.80124,-0.00224,0.19549,1
1051600001,-0.80216,0.00044,0.19895,1
1051800001,-0.804,0.00092,0.19673,1
1052000001,-0.8036,-0.0006,0.19413,1
1052200001,-0.8028,-0.00786,0.196285,1
1052400001,-0.80372,-0.00754,0.19699,1
1052600001,-0.803441,-0.01164,0.195965,1
1052800001,-0.801961,-0.01338,0.196535,1
1053000001,-0.803401,-0.01218,0.19717,1
1053200001,-0.803362,-0.01736,0.195295,1
1053400001,-0.802763,-0.0193,0.195985,1
1053600001,-0.806923,-0.02052,0.195695,1
1053800001,-0.806045,-0.02464,0.19327,1.00001
1054000001,-0.805122,-0.01496,0.19362,1
1054200001,-0.804122,-0.01484,0.19677,1
1054400001,-0.804803,-0.0182,0.19438,1
1054600001,-0.805203,-0.01938,0.197065,1
1054800001,-0.803603,-0.01856,0.195245,1
1055000001,-0.803163,-0.01896,0.19572,1
1055200001,-0.805322,-0.01612,0.19429,1
1055400001,-0.805883,-0.01818,0.194545,1
1055600001,-0.806762,-0.01744,0.193945,1
1055800001,-0.803842,-0.01748,0.19446,1
1056000001,-0.803242,-0.01416,0.19592,1
1056200001,-0.805725,-0.02396,0.19608,1.00001
1056400001,-0.808004,-0.02084,0.19508,1
1056600001,-0.806764,-0.0212,0.19341,1
1056800001,-0.804043,-0.0185,0.193285,1
1057000001,-0.804641,-0.01312,0.194055,1
1057200001,-0.806362,-0.01458,0.195135,1
1057400001,-0.80652,-0.00666,0.19426,1
1057600001,-0.80664,-0.00514,0.19146,1
1057800001,-0.8046,-0.00466,0.19538,1
1058000001,-0.80432,-0.00482,0.19409,1
1058200001,-0.804081,-0.00998,0.19515,1
1058400001,-0.806281,-0.01042,0.19586,1
1058600001,-0.804802,-0.0168,0.194295,1
1058800001,-0.805285,-0.02404,0.19627,1.00001
1059000001,-0.804322,-0.01598,0.195305,1
1059200001,-0.808321,-0.0111,0.19483,1
1059400001,-0.801521,-0.01052,0.195155,1
1059600001,-0.803721,-0.009,0.19649,1
1059800001,-0.803521,-0.01174,0.197605,1
1060000001,-0.802601,-0.00988,0.197135,1
1060200001,-0.805481,-0.00842,0.193625,1
1060400001,-0.80248,-0.0053,0.19447,1
1060600001,-0.802681,-0.00834,0.19828,1
1060800001,-0.804561,-0.01292,0.196865,1
1061000001,-0.803681,-0.01116,0.19711,1
1061200001,-0.804682,-0.01442,0.196065,1
1061400001,-0.803082,-0.01624,0.196045,1
1061600001,-0.803283,-0.01812,0.19607,1
1061800001,-0.802364,-0.02144,0.19755,1
1062000001,-0.803283,-0.01982,0.196805,1
1062200001,-0.802803,-0.02054,0.19654,1
1062400001,-0.807882,-0.01552,0.194515,1
1062600001,-0.807201,-0.01336,0.1919,1
1062800001,-0.804401,-0.0132,0.19433,1
1063000001,-0.803842,-0.01466,0.196345,1
1063200001,-0.805202,-0.01378,0.19575,1
1063400001,-0.805842,-0.01414,0.19515,1
1063600001,-0.803441,-0.00886,0.19585,1
1063800001,-0.802681,-0.00846,0.19684,1
1064000001,-0.804121,-0.01144,0.195535,1
1064200001,-0.804961,-0.00902,0.195265,1
1064400001,-0.80544,-0.0057,0.19429,1
1064600001,-0.80404,-0.00524,0.193545,1
1064800001,-0.80456,-0.0012,0.19629,1
1065000001,-0.80604,-0.00278,0.194925,1
1065200001,-0.80328,-0.00024,0.195805,1
1065400001,-0.80484,-0.0046,0.19673,1
1065600001,-0.8056,-0.00118,0.196075,1
1065800001,-0.8068,-0.00218,0.19352,1
1066000001,-0.80676,0.00056,0.194255,1
1066200001,-0.80528,-0.00152,0.19593,1
1066400001,-0.800881,-0.008,0.19616,1
1066600001,-0.803121,-0.00914,0.197375,1
1066800001,-0.804121,-0.008,0.194715,1
1067000001,-0.803242,-0.01402,0.196825,1
1067200001,-0.804721,-0.01296,0.197185,1
1067400001,-0.806401,-0.01208,0.19436,1
1067600001,-0.802841,-0.01146,0.195825,1
1067800001,-0.80444,-0.00718,0.19768,1
1068000001,-0.803521,-0.00844,0.197565,1
1068200001,-0.80656,-0.00282,0.193835,1
1068400001,-0.80536,0.00538,0.19403,1
1068600001,-0.802602,0.01432,0.197015,1
1068800001,-0.804281,0.01168,0.19672,1
1069000001,-0.803843,0.0194,0.19527,1
1069200001,-0.804802,0.0146,0.19751,1
1069400001,-0.804603,0.01878,0.193795,1
1069600001,-0.804004,0.02092,0.194885,1
1069800001,-0.804123,0.01782,0.195095,1
1070000001,-0.804682,0.017,0.196535,1
1070200001,-0.803802,0.0157,0.198595,1
1070400001,-0.803083,0.01842,0.19686,1
1070600001,-0.804004,0.02288,0.195755,1.00001
1070800001,-0.801444,0.02128,0.19557,1
1071000001,-0.800442,0.01412,0.19838,1
1071200001,-0.802362,0.01646,0.198705,1
1071400001,-0.803723,0.01806,0.19765,1
1071600001,-0.801242,0.01602,0.19728,1
1071800001,-0.801522,0.01732,0.199355,1
1072000001,-0.804402,0.01754,0.197595,1
1072200001,-0.801923,0.01908,0.198055,1
1072400001,-0.804563,0.01836,0.19552,1
1072600001,-0.803083,0.01938,0.197105,1
1072800001,-0.805521,0.01098,0.19444,1
1073000001,-0.806362,0.01624,0.194715,1
1073200001,-0.805482,0.0137,0.193915,1
1073400001,-0.805443,0.01802,0.19496,1
1073600001,-0.806924,0.02236,0.195295,1
1073800001,-0.805204,0.02174,0.191815,1
1074000001,-0.807562,0.01684,0.194595,1
1074200001,-0.805401,0.01266,0.193875,1
1074400001,-0.807601,0.01188,0.194395,1
1074600001,-0.807042,0.01398,0.193115,1
1074800001,-0.805163,0.01854,0.1934,1
1075000001,-0.805681,0.01116,0.194605,1
1075200001,-0.805802,0.01558,0.194735,1
1075400001,-0.807521,0.00984,0.193865,1
1075600001,-0.805362,0.0158,0.19382,1
1075800001,-0.805361,0.01162,0.194655,1
1076000001,-0.803121,0.01146,0.19636,1
1076200001,-0.803961,0.00952,0.198465,1
1076400001,-0.806042,0.01572,0.1956,1
1076600001,-0.804121,0.00858,0.193025,1
1076800001,-0.80172,0.00498,0.19655,1
1077000001,-0.80244,0.0072,0.197145,1
1077200001,-0.802041,0.00998,0.196425,1
1077400001,-0.802801,0.0097,0.19693,1
1077600001,-0.802362,0.0137,0.19717,1
1077800001,-0.800843,0.01996,0.198885,1
1078000001,-0.800362,0.01568,0.19902,1
1078200001,-0.802083,0.01816,0.19887,1
1078400001,-0.801844,0.02188,0.19706,1
1078600001,-0.806446,0.02656,0.19422,1.00001
1078800001,-0.805086,0.02836,0.19568,1.00001
1079000001,-0.806204,0.02266,0.194455,1.00001
1079200001,-0.805844,0.02304,0.193465,1.00001
1079400001,-0.805642,0.01444,0.19407,1
1079600001,-0.803162,0.01408,0.19521,1
1079800001,-0.806163,0.01826,0.195895,1
1080000001,-0.806402,0.01644,0.195375,1
1080200001,-0.804041,0.0082,0.19539,1
1080400001,-0.803841,0.0108,0.19495,1
1080600001,-0.801521,0.00948,0.19766,1
1080800001,-0.8024,0.0044,0.19477,1
1081000001,-0.80276,0.00576,0.19688,1
1081200001,-0.80384,0.0027,0.198045,1
1081400001,-0.80504,-0.0024,0.196875,1
1081600001,-0.80484,-0.00202,0.196075,1
1081800001,-0.802241,0.00802,0.19673,1
1082000001,-0.801121,0.01322,0.19782,1
1082200001,-0.80436,0.00642,0.19561,1
1082400001,-0.80456,0.0072,0.193455,1
1082600001,-0.804001,0.01238,0.194335,1
1082800001,-0.805121,0.0127,0.19605,1
1083000001,-0.806401,0.00958,0.19277,1
1083200001,-0.806401,0.01078,0.19327,1
1083400001,-0.8042,0.00738,0.19654,1
1083600001,-0.803201,0.00836,0.195305,1
1083800001,-0.805401,0.00836,0.19539,1
1084000001,-0.803361,0.01092,0.19565,1
1084200001,-0.80324,0.00782,0.197855,1
1084400001,-0.80428,0.0014,0.194625,1
1084600001,-0.8024,0.0049,0.198135,1
1084800001,-0.803,0.0061,0.1974,1
1085000001,-0.80172,0.00486,0.19588,1
1085200001,-0.79944,-0.00062,0.19839,1
1085400001,-0.7996,-0.00494,0.20083,1
1085600001,-0.80104,-0.00344,0.198715,1
1085800001,-0.80072,0.0021,0.197255,1
1086000001,-0.80128,0.00098,0.19842,1
1086200001,-0.80404,-0.0018,0.196165,1
1086400001,-0.80508,-0.001,0.19383,1
1086600001,-0.80668,0.00208,0.19526,1
1086800001,-0.80484,0.00372,0.19328,1
1087000001,-0.806,0.0028,0.19428,1
1087200001,-0.80696,0.00098,0.193065,1
1087400001,-0.80592,0.00114,0.19333,1
1087600001,-0.80428,-0.00188,0.195765,1
1087800001,-0.8058,-2e-05,0.193675,1
1088000001,-0.80448,-0.00186,0.19536,1
1088200001,-0.80308,0.00334,0.19663,1
1088400001,-0.80164,-0.00278,0.19665,1
1088600001,-0.80368,-0.00118,0.19631,1
1088800001,-0.80304,-0.00152,0.196525,1
1089000001,-0.80164,-0.00372,0.19778,1
1089200001,-0.8042,-0.00578,0.197125,1
1089400001,-0.8062,0.0015,0.19319,1
1089600001,-0.80544,-0.00344,0.195555,1
1089800001,-0.804761,-0.0102,0.19564,1
1090000001,-0.802921,-0.01038,0.197045,1
1090200001,-0.804841,-0.01088,0.195655,1
1090400001,-0.805443,-0.01928,0.19515,1
1090600001,-0.805282,-0.01652,0.1949,1
1090800001,-0.802961,-0.01256,0.19575,1
1091000001,-0.804762,-0.01716,0.19585,1
1091200001,-0.803443,-0.02086,0.195855,1
1091400001,-0.804282,-0.01718,0.19518,1
1091600001,-0.806323,-0.01962,0.19259,1
1091800001,-0.802484,-0.02306,0.19542,1.00001
1092000001,-0.803162,-0.01692,0.195855,1
1092200001,-0.80256,-0.00748,0.19581,1
1092400001,-0.80392,-0.00212,0.19578,1
1092600001,-0.80332,0.0013,0.196665,1
1092800001,-0.8032,0.00174,0.19764,1
1093000001,-0.80136,0.00222,0.19714,1
1093200001,-0.80636,0.00126,0.19551,1
1093400001,-0.8052,0.00394,0.19252,1
1093600001,-0.80384,-0.00226,0.19437,1
1093800001,-0.80512,-0.0073,0.19566,1
1094000001,-0.806441,-0.00924,0.193955,1
1094200001,-0.8058,-0.00572,0.19468,1
1094400001,-0.80528,-0.00418,0.194945,1
1094600001,-0.80428,-0.00618,0.19534,1
1094800001,-0.8048,-0.00268,0.194945,1
1095000001,-0.804,0.00114,0.194905,1
1095200001,-0.80312,4e-05,0.197445,1
1095400001,-0.80384,0.00092,0.19528,1
1095600001,-0.80272,0.00244,0.19518,1
1095800001,-0.8034,0.001,0.19597,1
1096000001,-0.80108,0.00134,0.197815,1
1096200001,-0.805321,0.00814,0.19729,1
1096400001,-0.80496,0.00512,0.195045,1
1096600001,-0.80232,0.00454,0.196535,1
1096800001,-0.80224,-0.00114,0.19825,1
1097000001,-0.803,0.00024,0.196365,1
1097200001,-0.80376,-0.0006,0.19519,1
1097400001,-0.80324,0.002,0.19721,1
1097600001,-0.80312,-0.00114,0.197265,1
1097800001,-0.80268,0.00112,0.197605,1
1098000001,-0.80548,-0.00318,0.195775,1
1098200001,-0.8064,0.00342,0.19462,1
1098400001,-0.80512,0.0017,0.19534,1
1098600001,-0.80948,0.00654,0.19383,1
1098800001,-0.80704,0.00374,0.19367,1
1099000001,-0.80792,0.00368,0.192825,1
1099200001,-0.810081,0.00956,0.18894,1
1099400001,-0.805281,0.01044,0.19309,1
1099600001,-0.80424,0.00774,0.194925,1
1099800001,-0.804721,0.00862,0.19609,1
1100000001,-0.807162,0.01512,0.193565,1
1100200001,-0.807242,0.01506,0.193435,1
1100400001,-0.805442,0.01516,0.194605,1
1100600001,-0.805562,0.01528,0.19583,1
1100800001,-0.806083,0.01944,0.19287,1
1101000001,-0.807002,0.01758,0.192195,1
1101200001,-0.806763,0.01858,0.19205,1
1101400001,-0.806563,0.01958,0.19286,1
1101600001,-0.805123,0.01924,0.192695,1
1101800001,-0.806362,0.0174,0.19448,1
1102000001,-0.807001,0.01,0.19597,1
1102200001,-0.806521,0.00942,0.193415,1
1102400001,-0.807241,0.00834,0.19589,1
1102600001,-0.806201,0.01318,0.19392,1
1102800001,-0.804961,0.01278,0.19346,1
1103000001,-0.80728,0.00768,0.193145,1
1103200001,-0.80768,0.0068,0.19271,1
1103400001,-0.804921,0.00844,0.19432,1
1103600001,-0.80096,0.00508,0.19646,1
1103800001,-0.80212,-0.00402,0.197235,1
1104000001,-0.80552,-0.00588,0.196155,1
1104200001,-0.805401,-0.0089,0.194975,1
1104400001,-0.803681,-0.01348,0.196485,1
1104600001,-0.805723,-0.0206,0.19603,1
1104800001,-0.806363,-0.02062,0.195805,1
1105000001,-0.803123,-0.02052,0.195785,1
1105200001,-0.804363,-0.01828,0.1962,1
1105400001,-0.804482,-0.01714,0.193465,1
1105600001,-0.803363,-0.0178,0.195965,1
1105800001,-0.805122,-0.01476,0.19513,1
1106000001,-0.806601,-0.01158,0.195105,1
1106200001,-0.804242,-0.0173,0.19517,1
1106400001,-0.803123,-0.01828,0.196225,1
1106600001,-0.802882,-0.01584,0.19643,1
1106800001,-0.804042,-0.01752,0.19588,1
1107000001,-0.803402,-0.01398,0.196155,1
1107200001,-0.803961,-0.011,0.196935,1
1107400001,-0.8034,-0.00724,0.19662,1
1107600001,-0.80508,-0.00762,0.198105,1
1107800001,-0.80468,-0.00414,0.1945,1
1108000001,-0.80608,-0.0041,0.1956,1
1108200001,-0.80936,-0.0015,0.19219,1
1108400001,-0.80688,0.00692,0.190455,1
1108600001,-0.807681,0.01244,0.19409,1
1108800001,-0.808842,0.01506,0.192365,1
1109000001,-0.806003,0.01972,0.190975,1
1109200001,-0.805443,0.01934,0.196315,1
1109400001,-0.804761,0.01154,0.194,1
1109600001,-0.80536,0.00696,0.193045,1
1109800001,-0.80784,0.00606,0.193125,1
1110000001,-0.804721,0.01052,0.196185,1
1110200001,-0.80544,0.006,0.19415,1
1110400001,-0.804801,0.0082,0.19362,1
1110600001,-0.80484,0.0032,0.19513,1
1110800001,-0.80552,-0.00334,0.194405,1
1111000001,-0.80612,-0.00428,0.195815,1
1111200001,-0.80564,-0.00392,0.19321,1
1111400001,-0.80384,-0.00162,0.195555,1
1111600001,-0.8064,-0.00396,0.195295,1
1111800001,-0.8044,-0.00504,0.19351,1
1112000001,-0.80372,-0.0037,0.195155,1
1112200001,-0.804,-0.00632,0.196475,1
1112400001,-0.80468,-0.00406,0.194025,1
1112600001,-0.80116,-0.00314,0.19525,1
1112800001,-0.80296,-0.00058,0.19726,1
1113000001,-0.80304,-0.00338,0.19603,1
1113200001,-0.80372,0.00162,0.19604,1
1113400001,-0.80472,0.00358,0.19501,1
1113600001,-0.80184,0.00266,0.19485,1
1113800001,-0.80244,0.00116,0.199435,1
1114000001,-0.80084,0.00678,0.198225,1
1114200001,-0.80124,0.00654,0.19869,1
1114400001,-0.80192,0.00598,0.19753,1
1114600001,-0.8044,0.00352,0.195405,1
1114800001,-0.80752,0.00746,0.193605,1
1115000001,-0.8084,0.00552,0.192125,1
1115200001,-0.80612,0.00742,0.193485,1
1115400001,-0.80508,0.00786,0.19599,1
1115600001,-0.80296,0.00718,0.19611,1
1115800001,-0.804241,0.0109,0.19631,1
1116000001,-0.806081,0.00928,0.195095,1
1116200001,-0.80488,0.00426,0.194375,1
1116400001,-0.80392,-0.00286,0.19707,1
1116600001,-0.80272,-0.0006,0.196905,1
1116800001,-0.80284,-0.00574,0.199165,1
1117000001,-0.8034,-8e-05,0.198235,1
1117200001,-0.80084,0.00016,0.19615,1
1117400001,-0.80016,0.00712,0.19779,1
1117600001,-0.801,-0.00262,0.199375,1
1117800001,-0.79876,-0.00046,0.19842,1
1118000001,-0.80324,0.00252,0.198715,1
1118200001,-0.8018,-0.00144,0.19702,1
1118400001,-0.8032,-0.00256,0.19552,1
1118600001,-0.80324,0.0017,0.196735,1
1118800001,-0.80304,0.00222,0.19667,1
1119000001,-0.80344,0.004,0.197605,1
1119200001,-0.805961,0.01158,0.194205,1
1119400001,-0.807322,0.01566,0.19327,1
1119600001,-0.801681,0.0132,0.195255,1
1119800001,-0.80712,0.00662,0.195305,1
1120000001,-0.805001,0.00956,0.193265,1
1120200001,-0.80568,0.0065,0.196305,1
1120400001,-0.80372,0.00046,0.19772,1
1120600001,-0.80596,0.00738,0.19657,1
1120800001,-0.80428,0.00614,0.19528,1
1121000001,-0.80356,-0.00252,0.193565,1
1121200001,-0.80588,-0.00082,0.196685,1
1121400001,-0.80284,0.00158,0.19585,1
1121600001,-0.80424,2e-05,0.19669,1
1121800001,-0.8042,0.00102,0.19375,1
1122000001,-0.80536,-0.00544,0.195275,1
1122200001,-0.8042,-0.00702,0.195095,1
1122400001,-0.80232,-0.0045,0.19751,1
1122600001,-0.80408,-0.00692,0.194935,1
1122800001,-0.80412,-0.0062,0.19601,1
1123000001,-0.802562,-0.01624,0.19701,1
1123200001,-0.806402,-0.01472,0.1967,1
1123400001,-0.805922,-0.01558,0.194875,1
1123600001,-0.805121,-0.01106,0.19576,1
1123800001,-0.8044,-0.00622,0.1959,1
1124000001,-0.807081,-0.01258,0.19496,1
1124200001,-0.805562,-0.01458,0.19371,1
1124400001,-0.805641,-0.01316,0.195455,1
1124600001,-0.806361,-0.00808,0.19293,1
1124800001,-0.807001,-0.0121,0.194585,1
1125000001,-0.803521,-0.01188,0.195275,1
1125200001,-0.804841,-0.01136,0.19686,1
1125400001,-0.80464,-0.00496,0.19394,1
1125600001,-0.80288,-0.00382,0.197255,1
1125800001,-0.8002,-0.00054,0.19841,1
1126000001,-0.80172,-0.0041,0.1991,1
1126200001,-0.8014,-0.0027,0.19815,1
1126400001,-0.80044,0.0003,0.19826,1
1126600001,-0.80276,-0.00184,0.198035,1
1126800001,-0.80492,-0.00394,0.195245,1
1127000001,-0.80348,-0.00338,0.19415,1
1127200001,-0.80476,-0.00366,0.19582,1
1127400001,-0.8044,-0.00424,0.196165,1
1127600001,-0.8056,-0.00634,0.194795,1
1127800001,-0.80544,0.00022,0.1936,1
1128000001,-0.80508,0.0026,0.194895,1
1128200001,-0.8072,-0.00148,0.1946,1
1128400001,-0.80468,0.00096,0.1943,1
1128600001,-0.8026,0.0009,0.195205,1
1128800001,-0.80588,0.00532,0.197515,1
1129000001,-0.80696,0.00062,0.193145,1
1129200001,-0.80524,0.00114,0.19273,1
1129400001,-0.80852,-0.0041,0.19289,1
1129600001,-0.80468,-1.25293e-17,0.194695,1
1129800001,-0.80604,-0.00182,0.193215,1
1130000001,-0.80452,0.00358,0.19419,1
1130200001,-0.80556,-0.001,0.196795,1
1130400001,-0.8016,-0.00062,0.197695,1
1130600001,-0.80356,-0.00466,0.19757,1
1130800001,-0.80308,-0.00198,0.19648,1
1131000001,-0.80516,0.00062,0.19635,1
1131200001,-0.80484,0.00324,0.195545,1
1131400001,-0.80368,0.00362,0.195835,1
1131600001,-0.80228,0.00688,0.198105,1
1131800001,-0.8032,0.00782,0.198095,1
1132000001,-0.80488,0.00302,0.19612,1
1132200001,-0.80432,0.00276,0.195945,1
1132400001,-0.80248,0.00108,0.19598,1
1132600001,-0.80196,-0.00106,0.196965,1
1132800001,-0.80412,-0.0027,0.19786,1
1133000001,-0.80496,0.00166,0.19421,1
1133200001,-0.804881,-0.01148,0.192705,1
1133400001,-0.804201,-0.01084,0.19682,1
1133600001,-0.804441,-0.00972,0.19436,1
1133800001,-0.805002,-0.01536,0.19505,1
1134000001,-0.803081,-0.00902,0.194865,1
1134200001,-0.80256,-0.00666,0.19801,1
1134400001,-0.803521,-0.009,0.196515,1
1134600001,-0.80512,-0.00298,0.193905,1
1134800001,-0.80432,0.0017,0.19637,1
1135000001,-0.80228,0.00232,0.196905,1
1135200001,-0.8066,0.00406,0.196395,1
1135400001,-0.8066,0.00536,0.193895,1
1135600001,-0.80652,-0.00224,0.19283,1
1135800001,-0.80584,-0.0038,0.19389,1
1136000001,-0.80384,-0.00362,0.194335,1
1136200001,-0.800801,-0.0089,0.19755,1
1136400001,-0.801801,-0.00856,0.198485,1
1136600001,-0.801201,-0.01174,0.199835,1
1136800001,-0.802401,-0.01214,0.19745,1
1137000001,-0.804403,-0.01812,0.198045,1
1137200001,-0.80456,-0.00732,0.1952,1
1137400001,-0.80496,-0.00724,0.1963,1
1137600001,-0.805681,-0.00814,0.192855,1
1137800001,-0.80412,-0.00396,0.195985,1
1138000001,-0.80344,-0.00128,0.19793,1
1138200001,-0.80224,0.00334,0.197015,1
1138400001,-0.80372,-0.00052,0.197165,1
1138600001,-0.80404,0.00522,0.195375,1
1138800001,-0.8014,0.0049,0.1965,1
1139000001,-0.80112,0.00776,0.199165,1
1139200001,-0.80108,0.0062,0.1981,1
1139400001,-0.80148,0.00364,0.1982,1
1139600001,-0.80076,0.00768,0.20027,1
1139800001,-0.80252,0.0024,0.19902,1
1140000001,-0.80256,0.0058,0.19581,1
1140200001,-0.80416,0.00714,0.195335,1
1140400001,-0.80364,0.00218,0.19654,1
1140600001,-0.80548,0.0059,0.19731,1
1140800001,-0.8034,0.00272,0.194285,1
1141000001,-0.80388,0.00712,0.19629,1
1141200001,-0.803361,0.01244,0.19707,1
1141400001,-0.80272,0.00372,0.19751,1
1141600001,-0.80384,-0.00314,0.197955,1
1141800001,-0.80716,-0.0018,0.194885,1
1142000001,-0.80684,0.00162,0.193805,1
1142200001,-0.8078,0.001,0.192625,1
1142400001,-0.80612,-0.0004,0.19267,1
1142600001,-0.8046,0.00048,0.19309,1
1142800001,-0.80552,-0.00052,0.19368,1
1143000001,-0.80584,-0.00314,0.194555,1
1143200001,-0.80424,0.00038,0.19566,1
1143400001,-0.8046,0.00236,0.194765,1
1143600001,-0.80512,0.00334,0.195035,1
1143800001,-0.80652,0.00332,0.193985,1
1144000001,-0.80412,-0.00018,0.193065,1
1144200001,-0.807,-0.0004,0.195525,1
1144400001,-0.80736,-0.00632,0.1914,1
1144600001,-0.80572,-0.0065,0.193555,1
1144800001,-0.806961,-0.01004,0.192375,1
1145000001,-0.804481,-0.01204,0.19363,1
1145200001,-0.80572,-0.00686,0.193455,1
1145400001,-0.80724,-0.005,0.192085,1
1145600001,-0.80524,-0.00496,0.19385,1
1145800001,-0.80996,-0.0031,0.192165,1
1146000001,-0.80732,0.00242,0.19168,1
1146200001,-0.80576,0.00168,0.192325,1
1146400001,-0.8056,0.00362,0.193325,1
1146600001,-0.80372,0.00522,0.19431,1
1146800001,-0.803161,0.01018,0.19791,1
1147000001,-0.803801,0.01188,0.194365,1
1147200001,-0.806801,0.01304,0.19486,1
1147400001,-0.806681,0.01144,0.19394,1
1147600001,-0.806322,0.0139,0.194845,1
1147800001,-0.804841,0.01334,0.19399,1
1148000001,-0.805001,0.01222,0.19596,1
1148200001,-0.8036,0.00606,0.1955,1
1148400001,-0.80444,0.0039,0.19428,1
1148600001,-0.8042,0.00268,0.194695,1
1148800001,-0.80256,0.00202,0.196645,1
1149000001,-0.80496,0.00182,0.19872,1
1149200001,-0.80528,-0.00044,0.197135,1
1149400001,-0.80364,-0.00502,0.194305,1
1149600001,-0.80228,0.00216,0.198125,1
1149800001,-0.79992,0.00128,0.19844,1
1150000001,-0.801881,0.0091,0.200365,1
1150200001,-0.804001,0.01346,0.19949,1
1150400001,-0.802601,0.01,0.197875,1
1150600001,-0.802601,0.0087,0.198035,1
1150800001,-0.80448,0.00198,0.19681,1
1151000001,-0.80476,0.00268,0.195055,1
1151200001,-0.803241,0.0097,0.194295,1
1151400001,-0.803401,0.00964,0.198935,1
1151600001,-0.8062,0.00246,0.196645,1
1151800001,-0.80296,0.0018,0.195585,1
1152000001,-0.80316,-0.00096,0.19663,1
1152200001,-0.80476,-0.00168,0.19655,1
1152400001,-0.80344,0.0022,0.19596,1
1152600001,-0.80252,0.00498,0.197725,1
1152800001,-0.79928,0.00298,0.1986,1
1153000001,-0.80236,0.00344,0.198135,1
1153200001,-0.8046,0.00108,0.19501,1
1153400001,-0.80376,0.00448,0.19447,1
1153600001,-0.80168,0.007,0.19681,1
1153800001,-0.8016,0.00164,0.19793,1
1154000001,-0.80428,-0.004,0.19494,1
1154200001,-0.80552,0.00154,0.195165,1
1154400001,-0.80492,0.00084,0.194845,1
1154600001,-0.80628,0.00676,0.19481,1
1154800001,-0.805361,0.00924,0.19454,1
1155000001,-0.802481,0.00902,0.196245,1
1155200001,-0.80244,0.00474,0.19487,1
1155400001,-0.80532,0.00218,0.19624,1
1155600001,-0.8032,0.00266,0.19399,1
1155800001,-0.80456,0.00508,0.196635,1
1156000001,-0.80404,0.00656,0.19553,1
1156200001,-0.8028,0.00682,0.199425,1
1156400001,-0.80208,0.00504,0.197435,1
1156600001,-0.802,0.00382,0.198955,1
1156800001,-0.80216,0.00148,0.199255,1
1157000001,-0.80164,0.00422,0.197755,1
1157200001,-0.80152,0.00212,0.199005,1
1157400001,-0.80148,0.00456,0.19672,1
1157600001,-0.80204,0.00522,0.198935,1
1157800001,-0.80168,0.00682,0.19777,1
1158000001,-0.80224,0.0041,0.19633,1
1158200001,-0.80392,0.00572,0.197145,1
1158400001,-0.80236,0.00416,0.19555,1
1158600001,-0.80332,0.00694,0.196525,1
1158800001,-0.802441,0.00828,0.196845,1
1159000001,-0.804881,0.00966,0.196435,1
1159200001,-0.803521,0.00822,0.19551,1
1159400001,-0.80448,0.00192,0.194205,1
1159600001,-0.80764,0.00028,0.19396,1
1159800001,-0.80736,0.0029,0.191835,1
1160000001,-0.8058,-0.00342,0.19483,1
1160200001,-0.8072,-0.00162,0.19361,1
1160400001,-0.80648,-0.00254,0.193,1
1160600001,-0.80664,0.00274,0.19455,1
1160800001,-0.805561,0.00796,0.192995,1
1161000001,-0.803882,0.01624,0.19673,1
1161200001,-0.802201,0.01246,0.196275,1
1161400001,-0.802961,0.01002,0.19637,1
1161600001,-0.80324,0.00624,0.195655,1
1161800001,-0.8038,0.00178,0.197165,1
1162000001,-0.80684,0.00182,0.19292,1
1162200001,-0.80684,-0.00246,0.19221,1
1162400001,-0.80736,-0.0045,0.19319,1
1162600001,-0.80748,-0.00038,0.19126,1
1162800001,-0.80688,0.00304,0.193485,1
1163000001,-0.803841,0.00986,0.194005,1
1163200001,-0.804321,0.00926,0.19604,1
1163400001,-0.80208,0.00674,0.19622,1
1163600001,-0.80412,0.00466,0.19866,1
1163800001,-0.80232,0.00146,0.19906,1
1164000001,-0.80152,0.00196,0.197885,1
1164200001,-0.80032,0.00318,0.198355,1
1164400001,-0.8024,0.00714,0.1986,1
1164600001,-0.802281,0.00866,0.1965,1
1164800001,-0.8026,0.00284,0.198105,1
1165000001,-0.80404,0.00092,0.19665,1
1165200001,-0.80396,0.00632,0.19784,1
1165400001,-0.80256,0.00086,0.197215,1
1165600001,-0.803481,0.00978,0.19656,1
1165800001,-0.801641,0.01048,0.195035,1
1166000001,-0.79868,0.0071,0.199875,1
1166200001,-0.805081,0.0112,0.195895,1
1166400001,-0.805441,0.00872,0.19323,1
1166600001,-0.80684,0.00534,0.193835,1
1166800001,-0.80532,0.00786,0.19449,1
1167000001,-0.80472,-0.00118,0.19346,1
1167200001,-0.80536,-0.00584,0.195465,1
1167400001,-0.804681,-0.00986,0.195195,1
1167600001,-0.80248,-0.0077,0.19731,1
1167800001,-0.80276,-0.00474,0.19792,1
1168000001,-0.8034,-0.00564,0.196835,1
1168200001,-0.804921,-0.00804,0.19627,1
1168400001,-0.801001,-0.00938,0.197645,1
1168600001,-0.802081,-0.00812,0.196585,1
1168800001,-0.803641,-0.01168,0.19841,1
1169000001,-0.805481,-0.01218,0.196315,1
1169200001,-0.803521,-0.01288,0.196875,1
1169400001,-0.80332,-0.0069,0.197145,1
1169600001,-0.80376,-0.00012,0.195075,1
1169800001,-0.8044,0.00048,0.19719,1
1170000001,-0.8044,-0.00612,0.19631,1
1170200001,-0.802921,-0.00928,0.19413,1
1170400001,-0.80164,-0.00538,0.198095,1
1170600001,-0.8028,-0.00496,0.194835,1
1170800001,-0.80244,-0.00364,0.19786,1
1171000001,-0.80428,-0.00194,0.194915,1
1171200001,-0.80348,-0.00128,0.196165,1
1171400001,-0.80092,-0.0054,0.19625,1
1171600001,-0.80188,-0.00482,0.198685,1
1171800001,-0.80244,-0.0017,0.19796,1
1172000001,-0.80296,0.0013,0.19764,1
1172200001,-0.8042,0.00258,0.19674,1
1172400001,-0.804201,0.0087,0.19493,1
1172600001,-0.8048,0.00774,0.19542,1
1172800001,-0.80364,0.00724,0.195305,1
1173000001,-0.80292,0.00622,0.196155,1
1173200001,-0.8028,0.00708,0.195495,1
1173400001,-0.806122,0.0143,0.195845,1
1173600001,-0.802683,0.01804,0.195055,1
1173800001,-0.80244,0.00732,0.19545,1
1174000001,-0.80264,0.00292,0.19989,1
1174200001,-0.8014,0.00582,0.198315,1
1174400001,-0.80312,0.00526,0.1951,1
1174600001,-0.80496,0.001,0.195875,1
1174800001,-0.80596,-0.0006,0.19539,1
1175000001,-0.80432,-0.00658,0.195595,1
1175200001,-0.805681,-0.00948,0.195215,1
1175400001,-0.80708,-0.00664,0.19521,1
1175600001,-0.807,-0.00602,0.192455,1
1175800001,-0.8052,-0.0037,0.19265,1
1176000001,-0.807361,-0.01012,0.194675,1
1176200001,-0.80704,-0.00592,0.19218,1
1176400001,-0.80716,-0.00166,0.194535,1
1176600001,-0.807761,-0.01274,0.19198,1
1176800001,-0.806881,-0.00912,0.193185,1
1177000001,-0.807601,-0.0081,0.193335,1
1177200001,-0.807801,-0.00868,0.192785,1
1177400001,-0.806402,-0.01368,0.19427,1
1177600001,-0.802604,-0.02102,0.194665,1
1177800001,-0.805843,-0.01768,0.195295,1
1178000001,-0.804641,-0.01206,0.195705,1
1178200001,-0.803361,-0.01166,0.19709,1
1178400001,-0.803122,-0.01756,0.197165,1
1178600001,-0.805324,-0.02212,0.19409,1
1178800001,-0.805642,-0.01412,0.195,1
1179000001,-0.806162,-0.01622,0.195355,1
1179200001,-0.803881,-0.01146,0.19513,1
1179400001,-0.805641,-0.01038,0.19599,1
1179600001,-0.805761,-0.00926,0.19529,1
1179800001,-0.80528,-0.00728,0.194805,1
1180000001,-0.804521,-0.0108,0.19435,1
1180200001,-0.806321,-0.01188,0.19458,1
1180400001,-0.805162,-0.01478,0.195375,1
1180600001,-0.80224,-0.00692,0.196195,1
1180800001,-0.80244,-0.00772,0.19795,1
1181000001,-0.80412,-0.00754,0.196605,1
1181200001,-0.80172,-0.00152,0.195165,1
1181400001,-0.80252,-0.0045,0.197585,1
1181600001,-0.804,-0.00364,0.196345,1
1181800001,-0.802721,-0.00878,0.197075,1
1182000001,-0.8056,-0.0047,0.19651,1
1182200001,-0.808081,-0.00886,0.19526,1
1182400001,-0.8092,-0.00344,0.191965,1
1182600001,-0.808401,-0.01064,0.19046,1
1182800001,-0.805361,-0.00964,0.19344,1
1183000001,-0.808241,-0.01014,0.195925,1
1183200001,-0.806321,-0.01216,0.192435,1
1183400001,-0.8048,-0.00286,0.193575,1
1183600001,-0.80516,-0.00624,0.193965,1
1183800001,-0.804961,-0.0124,0.19417,1
1184000001,-0.806681,-0.01062,0.193735,1
1184200001,-0.80772,-0.00678,0.19175,1
1184400001,-0.80572,-0.00452,0.191425,1
1184600001,-0.80724,-0.00752,0.19531,1
1184800001,-0.80496,-0.00508,0.19271,1
1185000001,-0.80696,-0.00438,0.194685,1
1185200001,-0.805241,-0.00968,0.194615,1
1185400001,-0.80668,-0.00562,0.194445,1
1185600001,-0.80672,-0.00426,0.19283,1
1185800001,-0.80452,-0.0039,0.19522,1
1186000001,-0.8062,-0.00278,0.19533,1
1186200001,-0.802721,-0.0082,0.195595,1
1186400001,-0.80348,-0.007,0.19725,1
1186600001,-0.80468,-0.00526,0.196795,1
1186800001,-0.803281,-0.00932,0.196545,1
1187000001,-0.804721,-0.00904,0.19595,1
1187200001,-0.80524,-0.00188,0.19189,1
1187400001,-0.80508,-0.0038,0.19385,1
1187600001,-0.8056,-0.0011,0.195065,1
1187800001,-0.80664,-0.0028,0.193545,1
1188000001,-0.80408,0.00254,0.194275,1
1188200001,-0.80256,0.001,0.195725,1
1188400001,-0.8054,0.00258,0.197325,1
1188600001,-0.80636,0.0045,0.1935,1
1188800001,-0.8048,0.00508,0.195005,1
1189000001,-0.806001,0.0112,0.1949,1
1189200001,-0.803121,0.0111,0.195385,1
1189400001,-0.805681,0.01258,0.19488,1
1189600001,-0.804801,0.01304,0.193965,1
1189800001,-0.802281,0.01124,0.19869,1
1190000001,-0.805081,0.00832,0.19542,1
1190200001,-0.80416,2e-05,0.196765,1
1190400001,-0.80132,-0.00708,0.196865,1
1190600001,-0.8034,-0.00302,0.198185,1
1190800001,-0.80596,-0.00058,0.19331,1
1191000001,-0.80576,0.00178,0.19418,1
1191200001,-0.80644,0.00306,0.19555,1
1191400001,-0.803721,0.00854,0.19556,1
1191600001,-0.802801,0.00822,0.19663,1
1191800001,-0.80452,0.00672,0.195865,1
1192000001,-0.803041,0.00856,0.19556,1
1192200001,-0.801481,0.0136,0.19726,1
1192400001,-0.803401,0.01136,0.19706,1
1192600001,-0.80452,0.00604,0.19545,1
1192800001,-0.805121,0.0094,0.19456,1
1193000001,-0.80336,0.00406,0.195905,1
1193200001,-0.80424,0.00578,0.19522,1
1193400001,-0.80408,-0.00366,0.19588,1
1193600001,-0.80456,-0.0018,0.194525,1
1193800001,-0.80732,0.00282,0.196585,1
1194000001,-0.80504,-0.00166,0.19146,1
1194200001,-0.80628,0.00268,0.194775,1
1194400001,-0.80588,0.00366,0.194265,1
1194600001,-0.80488,0.00102,0.19461,1
1194800001,-0.80456,0.00206,0.19547,1
1195000001,-0.8058,0.00056,0.193845,1
1195200001,-0.8052,-0.00314,0.194775,1
1195400001,-0.80772,-6e-05,0.19491,1
1195600001,-0.8038,0.00584,0.194435,1
1195800001,-0.805161,0.01118,0.194255,1
1196000001,-0.805922,0.01746,0.19453,1
1196200001,-0.805562,0.01582,0.19383,1
1196400001,-0.805041,0.00994,0.1943,1
1196600001,-0.805921,0.00864,0.194755,1
1196800001,-0.8072,0.00754,0.194385,1
1197000001,-0.806241,0.0089,0.19486,1
1197200001,-0.80608,0.00342,0.19283,1
1197400001,-0.80252,0.0045,0.19499,1
1197600001,-0.80128,-0.0017,0.19768,1
1197800001,-0.8032,-0.00084,0.198325,1
1198000001,-0.80508,-0.00558,0.195005,1
1198200001,-0.80424,-0.0013,0.19684,1
1198400001,-0.80248,-0.0015,0.19902,1
1198600001,-0.80284,-0.00026,0.19786,1
1198800001,-0.8064,-0.00232,0.195295,1
1199000001,-0.80708,0.00416,0.19227,1
1199200001,-0.8046,0.0033,0.193865,1
1199400001,-0.80708,0.00222,0.19438,1
1199600001,-0.80728,0.00382,0.1917,1
1199800001,-0.806401,0.00814,0.19429,1
1200000001,-0.80416,0.00742,0.19474,1
1200200001,-0.80324,0.0047,0.19609,1
1200400001,-0.80456,0.00326,0.19828,1
1200600001,-0.80488,-0.00028,0.194975,1
1200800001,-0.8042,-0.00432,0.19428,1
1201000001,-0.804321,-0.00988,0.19774,1
1201200001,-0.803601,-0.00914,0.195885,1
1201400001,-0.805642,-0.01378,0.19381,1
1201600001,-0.80316,-0.00224,0.195845,1
1201800001,-0.80416,0.00014,0.198045,1
1202000001,-0.80412,-0.00392,0.196175,1
1202200001,-0.80648,-0.00678,0.193475,1
1202400001,-0.80696,-0.00484,0.193155,1
1202600001,-0.80544,-0.00132,0.1921,1
1202800001,-0.80808,-0.00334,0.191705,1
1203000001,-0.8076,0.00408,0.192785,1
1203200001,-0.80864,0.0038,0.19213,1
1203400001,-0.80372,0.00288,0.19335,1
1203600001,-0.80284,-0.0018,0.19501,1
1203800001,-0.80236,-0.00172,0.1975,1
1204000001,-0.80088,-0.00102,0.199225,1
1204200001,-0.80528,-0.0071,0.19531,1
1204400001,-0.802921,-0.01196,0.196065,1
1204600001,-0.804043,-0.01804,0.19768,1
1204800001,-0.805442,-0.0173,0.195195,1
1205000001,-0.806203,-0.01762,0.19422,1
1205200001,-0.805122,-0.01404,0.194595,1
1205400001,-0.803762,-0.01702,0.195545,1
1205600001,-0.808,-0.00718,0.19241,1
1205800001,-0.805361,-0.01092,0.193505,1
1206000001,-0.804801,-0.0102,0.19501,1
1206200001,-0.80848,-0.00676,0.19093,1
1206400001,-0.80308,-0.0066,0.19401,1
1206600001,-0.802161,-0.00834,0.196645,1
1206800001,-0.805321,-0.00904,0.195335,1
1207000001,-0.80316,-0.00548,0.19477,1
1207200001,-0.80556,-0.00326,0.195425,1
1207400001,-0.803201,-0.00902,0.19586,1
1207600001,-0.80484,-0.00364,0.195835,1
1207800001,-0.805,-0.0052,0.19719,1
1208000001,-0.80384,-0.00358,0.195465,1
1208200001,-0.80636,-0.00336,0.193825,1
1208400001,-0.80564,-0.0063,0.193995,1
1208600001,-0.80324,-0.00292,0.196245,1
1208800001,-0.80496,-0.0048,0.19661,1
1209000001,-0.80428,-0.00548,0.19351,1
1209200001,-0.80384,-0.00444,0.195,1
1209400001,-0.805201,-0.0081,0.194185,1
1209600001,-0.804721,-0.01262,0.19561,1
1209800001,-0.804202,-0.017,0.195285,1
1210000001,-0.804683,-0.01826,0.197495,1
1210200001,-0.802443,-0.01866,0.19854,1
1210400001,-0.802764,-0.02176,0.196875,1
1210600001,-0.805765,-0.02372,0.19562,1.00001
1210800001,-0.806166,-0.02794,0.192725,1.00001
1211000001,-0.806088,-0.03128,0.193105,1.00001
1211200001,-0.806886,-0.0267,0.192745,1.00001
1211400001,-0.805365,-0.02372,0.193755,1.00001
1211600001,-0.804805,-0.02472,0.19555,1.00001
1211800001,-0.802843,-0.02014,0.196085,1
1212000001,-0.803884,-0.02276,0.194845,1.00001
1212200001,-0.803843,-0.01814,0.196485,1
1212400001,-0.803562,-0.01734,0.19829,1
1212600001,-0.803363,-0.01948,0.195835,1
1212800001,-0.808726,-0.02736,0.1952,1.00001
1213000001,-0.807403,-0.0202,0.19333,1
1213200001,-0.808922,-0.01692,0.19312,1
1213400001,-0.807562,-0.01456,0.19252,1
1213600001,-0.808161,-0.0098,0.19239,1
1213800001,-0.80616,-0.00442,0.192825,1
1214000001,-0.807041,-0.00792,0.193775,1
1214200001,-0.8008,-0.00486,0.197055,1
1214400001,-0.80268,-0.00158,0.19658,1
1214600001,-0.80404,-0.00414,0.1954,1
1214800001,-0.8056,-0.0041,0.1953,1
1215000001,-0.80476,-0.00326,0.19443,1
1215200001,-0.80448,0.00534,0.19645,1
1215400001,-0.80312,0.00296,0.196535,1
1215600001,-0.80536,0.0032,0.19581,1
1215800001,-0.80392,8e-05,0.19525,1
1216000001,-0.80788,0.00184,0.1951,1
1216200001,-0.80752,0.0059,0.191975,1
1216400001,-0.80656,0.0068,0.193045,1
1216600001,-0.804201,0.01188,0.19435,1
1216800001,-0.804761,0.01152,0.1958,1
1217000001,-0.806721,0.0092,0.19375,1
1217200001,-0.805961,0.0123,0.195155,1
1217400001,-0.802201,0.0085,0.19561,1
1217600001,-0.804961,0.01268,0.194665,1
1217800001,-0.80532,0.00642,0.195515,1
1218000001,-0.80656,0.00512,0.195595,1
1218200001,-0.80736,0.0013,0.192905,1
1218400001,-0.80408,0.00268,0.194265,1
1218600001,-0.8064,0.00772,0.19307,1
1218800001,-0.806881,0.01004,0.19225,1
1219000001,-0.804961,0.01032,0.19354,1
1219200001,-0.806482,0.01454,0.193345,1
1219400001,-0.8052,0.00774,0.19445,1
1219600001,-0.804241,0.00936,0.193525,1
1219800001,-0.803,0.00708,0.19595,1
1220000001,-0.8048,0.00628,0.19559,1
1220200001,-0.802641,0.00856,0.19598,1
1220400001,-0.802521,0.01132,0.19814,1
1220600001,-0.804241,0.0097,0.196675,1
1220800001,-0.803121,0.01004,0.195605,1
1221000001,-0.801881,0.0129,0.196305,1
1221200001,-0.801481,0.01018,0.19816,1
1221400001,-0.801961,0.01232,0.196715,1
1221600001,-0.804881,0.01,0.19636,1
1221800001,-0.802722,0.01488,0.19469,1
1222000001,-0.805922,0.01672,0.19456,1
1222200001,-0.805361,0.01178,0.192895,1
1222400001,-0.807161,0.01024,0.193365,1
1222600001,-0.806602,0.01396,0.19421,1
1222800001,-0.804642,0.01592,0.19505,1
1223000001,-0.805363,0.02022,0.195125,1
1223200001,-0.805405,0.02498,0.1961,1.00001
1223400001,-0.806886,0.02746,0.19379,1.00001
1223600001,-0.80277,0.0345,0.1937,1.00001
1223800001,-0.802929,0.03378,0.19569,1.00001
1224000001,-0.802889,0.03306,0.19705,1.00001
1224200001,-0.801211,0.03758,0.19725,1.00001
1224400001,-0.801529,0.03284,0.197025,1.00001
1224600001,-0.801649,0.03432,0.19794,1.00001
1224800001,-0.803009,0.03274,0.197485,1.00001
1225000001,-0.805888,0.0307,0.19448,1.00001
1225200001,-0.805966,0.02792,0.194645,1.00001
1225400001,-0.805525,0.02546,0.193445,1.00001
1225600001,-0.807682,0.01576,0.192835,1
1225800001,-0.807962,0.01732,0.1932,1
1226000001,-0.808081,0.00968,0.19095,1
1226200001,-0.804721,0.00868,0.19261,1
1226400001,-0.806441,0.00886,0.193465,1
1226600001,-0.8052,-0.00186,0.19542,1
1226800001,-0.806481,-0.0091,0.19445,1
1227000001,-0.803441,-0.0079,0.19449,1
1227200001,-0.805321,-0.00858,0.19629,1
1227400001,-0.8058,-0.00014,0.19303,1
1227600001,-0.80576,0.00754,0.19358,1
1227800001,-0.805241,0.01158,0.19409,1
1228000001,-0.8044,0.0073,0.19307,1
1228200001,-0.804721,0.01072,0.196275,1
1228400001,-0.804561,0.01104,0.19462,1
1228600001,-0.804001,0.01194,0.195715,1
1228800001,-0.802441,0.0132,0.195165,1
1229000001,-0.802642,0.01512,0.19908,1
1229200001,-0.802442,0.01394,0.198575,1
1229400001,-0.804602,0.0147,0.19678,1
1229600001,-0.80144,0.0076,0.197475,1
1229800001,-0.800281,0.01244,0.19863,1
1230000001,-0.803281,0.00868,0.19786,1
1230200001,-0.80308,0.00426,0.195155,1
1230400001,-0.802441,0.00792,0.197845,1
1230600001,-0.803201,0.00812,0.19688,1
1230800001,-0.80388,0.00734,0.195605,1
1231000001,-0.7996,0.0052,0.197675,1
1231200001,-0.80524,-0.00066,0.198055,1
1231400001,-0.80608,-0.00386,0.19427,1
1231600001,-0.80776,-0.00052,0.194625,1
1231800001,-0.80888,0.00046,0.193505,1
1232000001,-0.80688,-0.00264,0.191775,1
1232200001,-0.80712,0.00018,0.192955,1
1232400001,-0.80636,-0.00282,0.1935,1
1232600001,-0.80332,-0.0012,0.196335,1
1232800001,-0.80608,-0.00306,0.194985,1
1233000001,-0.80728,-0.00732,0.195065,1
1233200001,-0.80384,-0.00588,0.19449,1
1233400001,-0.80572,-0.0077,0.195825,1
1233600001,-0.80312,0.00058,0.19308,1
1233800001,-0.80416,0.00154,0.19606,1
1234000001,-0.80696,-0.00014,0.19579,1
1234200001,-0.80844,0.00156,0.191505,1
1234400001,-0.80668,-0.0017,0.193475,1
1234600001,-0.804881,-0.0097,0.194,1
1234800001,-0.8042,-0.00504,0.193535,1
1235000001,-0.805401,-0.00942,0.193955,1
1235200001,-0.80376,-0.00742,0.19481,1
1235400001,-0.805121,-0.01316,0.196775,1
1235600001,-0.80588,-0.00704,0.19512,1
1235800001,-0.80572,-0.0052,0.19576,1
1236000001,-0.803841,-0.00854,0.195305,1
1236200001,-0.80492,-0.00332,0.193595,1
1236400001,-0.80564,-0.0019,0.196665,1
1236600001,-0.80452,0.00114,0.19657,1
1236800001,-0.80372,0.0028,0.195375,1
1237000001,-0.80448,0.00024,0.19666,1
1237200001,-0.8052,0.00108,0.19698,1
1237400001,-0.8036,-0.00088,0.19671,1
1237600001,-0.80272,0.00526,0.198675,1
1237800001,-0.8044,0.00128,0.194835,1
1238000001,-0.80508,-0.00438,0.194575,1
1238200001,-0.80372,-0.00342,0.1945,1
1238400001,-0.80624,-0.00322,0.19345,1
1238600001,-0.80464,-0.00788,0.194465,1
1238800001,-0.803161,-0.01232,0.19622,1
1239000001,-0.80376,-0.0073,0.195195,1
1239200001,-0.805601,-0.01348,0.194955,1
1239400001,-0.806801,-0.01076,0.1915,1
1239600001,-0.806882,-0.01708,0.19503,1
1239800001,-0.806082,-0.01516,0.19162,1
1240000001,-0.8066,-0.00786,0.193435,1
1240200001,-0.805441,-0.01076,0.192955,1
1240400001,-0.805601,-0.01096,0.19463,1
1240600001,-0.804921,-0.00864,0.19542,1
1240800001,-0.802121,-0.00808,0.19835,1
1241000001,-0.802921,-0.00938,0.197985,1
1241200001,-0.803601,-0.00884,0.197905,1
1241400001,-0.803401,-0.00918,0.196065,1
1241600001,-0.8026,-0.00592,0.195405,1
1241800001,-0.801641,-0.01004,0.19589,1
1242000001,-0.802481,-0.01062,0.196255,1
1242200001,-0.80164,-0.00768,0.198275,1
1242400001,-0.80236,-0.00606,0.198505,1
1242600001,-0.801201,-0.00998,0.19764,1
1242800001,-0.799761,-0.01082,0.20107,1
1243000001,-0.803761,-0.01354,0.19722,1
1243200001,-0.805201,-0.01048,0.194565,1
1243400001,-0.803322,-0.01518,0.196415,1
1243600001,-0.800481,-0.01168,0.198745,1
1243800001,-0.801801,-0.0127,0.197085,1
1244000001,-0.801962,-0.01668,0.197845,1
1244200001,-0.803041,-0.0127,0.196145,1
1244400001,-0.801521,-0.01068,0.197255,1
1244600001,-0.80376,-0.00224,0.19744,1
1244800001,-0.80176,-0.00174,0.198975,1
1245000001,-0.80188,2e-05,0.19719,1
1245200001,-0.80164,-0.00198,0.19673,1
1245400001,-0.80228,-0.0025,0.19872,1
1245600001,-0.80184,-0.0006,0.196485,1
1245800001,-0.80372,0.00304,0.19608,1
1246000001,-0.807042,0.01472,0.19705,1
1246200001,-0.802601,0.01148,0.1973,1
1246400001,-0.803161,0.01054,0.197345,1
1246600001,-0.803041,0.00984,0.196605,1
1246800001,-0.802642,0.01702,0.199905,1
1247000001,-0.802684,0.0221,0.19818,1
1247200001,-0.804165,0.02552,0.196225,1.00001
1247400001,-0.802845,0.02506,0.195795,1.00001
1247600001,-0.801724,0.02218,0.1981,1
1247800001,-0.803003,0.01946,0.19791,1
1248000001,-0.801083,0.01964,0.197695,1
1248200001,-0.800003,0.02066,0.199185,1
1248400001,-0.800284,0.02158,0.19799,1
1248600001,-0.801484,0.02296,0.199145,1.00001
1248800001,-0.802603,0.0192,0.19807,1
1249000001,-0.805883,0.01822,0.196265,1
1249200001,-0.805003,0.01966,0.19599,1
1249400001,-0.802882,0.0166,0.196135,1
1249600001,-0.805643,0.0204,0.19636,1
1249800001,-0.803285,0.02608,0.19547,1.00001
1250000001,-0.804126,0.02796,0.19663,1.00001
1250200001,-0.804128,0.03068,0.19694,1.00001
1250400001,-0.804572,0.03784,0.19471,1.00001
1250600001,-0.805651,0.03732,0.19594,1.00001
1250800001,-0.804773,0.04038,0.196355,1.00002
1251000001,-0.804254,0.04186,0.19749,1.00002
1251200001,-0.80165,0.03576,0.196505,1.00001
1251400001,-0.804688,0.03084,0.19525,1.00001
1251600001,-0.806448,0.03074,0.194315,1.00001
1251800001,-0.805085,0.02516,0.194395,1.00001
1252000001,-0.801244,0.02128,0.1954,1
1252200001,-0.801962,0.01466,0.196395,1
1252400001,-0.801041,0.01322,0.19893,1
1252600001,-0.803121,0.0135,0.1993,1
1252800001,-0.80268,0.00442,0.1967,1
1253000001,-0.80164,0.00352,0.198685,1
1253200001,-0.80224,-0.00114,0.198095,1
1253400001,-0.7996,0.00578,0.19748,1
1253600001,-0.80272,0.00502,0.19845,1
1253800001,-0.8064,0.00434,0.19544,1
1254000001,-0.80424,0.00358,0.19404,1
1254200001,-0.8048,0.0059,0.19543,1
1254400001,-0.80416,0.00516,0.193755,1
1254600001,-0.803721,0.00806,0.197165,1
1254800001,-0.807281,0.00798,0.19398,1
1255000001,-0.80332,0.00264,0.195485,1
1255200001,-0.80656,0.00382,0.195095,1
1255400001,-0.806521,0.00816,0.193165,1
1255600001,-0.807641,0.00984,0.19358,1
1255800001,-0.807,0.0041,0.193085,1
1256000001,-0.80672,0.00154,0.19342,1
1256200001,-0.8064,0.00742,0.19313,1
1256400001,-0.80476,0.0048,0.194635,1
1256600001,-0.80664,0.00106,0.193845,1
1256800001,-0.80552,0.00074,0.19452,1
1257000001,-0.80332,0.00148,0.196815,1
1257200001,-0.80192,0.00188,0.19774,1
1257400001,-0.8042,0.00242,0.194725,1
1257600001,-0.80332,-0.00738,0.19684,1
1257800001,-0.80472,-0.00696,0.196255,1
1258000001,-0.80496,0.00012,0.19607,1
1258200001,-0.80644,0.00528,0.19318,1
1258400001,-0.80544,-0.0017,0.194035,1
1258600001,-0.80744,-0.0006,0.194705,1
1258800001,-0.80344,0.00086,0.193445,1
1259000001,-0.80408,-0.00612,0.197995,1
1259200001,-0.804041,-0.01262,0.196115,1
1259400001,-0.802441,-0.00944,0.196385,1
1259600001,-0.801201,-0.00916,0.19824,1
1259800001,-0.803762,-0.0137,0.196995,1
1260000001,-0.804241,-0.0088,0.195245,1
1260200001,-0.804041,-0.00844,0.19758,1
1260400001,-0.80572,-0.0074,0.19468,1
1260600001,-0.807481,-0.01222,0.192335,1
1260800001,-0.806361,-0.0099,0.19429,1
1261000001,-0.803761,-0.01198,0.19655,1
1261200001,-0.805241,-0.01072,0.194545,1
1261400001,-0.8032,-0.00746,0.196125,1
1261600001,-0.807,-0.00762,0.19352,1
1261800001,-0.806801,-0.01134,0.19312,1
1262000001,-0.806161,-0.01358,0.19271,1
1262200001,-0.806363,-0.0193,0.19431,1
1262400001,-0.806205,-0.02388,0.192925,1.00001
1262600001,-0.805844,-0.02296,0.19458,1.00001
1262800001,-0.804323,-0.02074,0.193535,1
1263000001,-0.806723,-0.0194,0.195375,1
1263200001,-0.805283,-0.0184,0.19481,1
1263400001,-0.804041,-0.01208,0.19388,1
1263600001,-0.806481,-0.0098,0.19585,1
1263800001,-0.80604,-0.00322,0.194635,1
1264000001,-0.80448,-0.00284,0.196615,1
1264200001,-0.805961,-0.00872,0.19594,1
1264400001,-0.80436,-0.00608,0.19468,1
1264600001,-0.80356,-0.0034,0.19735,1
1264800001,-0.80404,-0.00498,0.196295,1
1265000001,-0.80476,-0.0061,0.19637,1
1265200001,-0.80352,-0.00196,0.195575,1
1265400001,-0.80368,-0.00038,0.195155,1
1265600001,-0.80624,0.00598,0.19415,1
1265800001,-0.806161,0.00828,0.195105,1
1266000001,-0.80432,0.00136,0.19463,1
1266200001,-0.80344,-0.00204,0.19569,1
1266400001,-0.8044,-0.004,0.19486,1
1266600001,-0.80576,8e-05,0.19547,1
1266800001,-0.80576,-0.00018,0.195045,1
1267000001,-0.80396,0.00226,0.19501,1
1267200001,-0.80496,-0.00532,0.193395,1
1267400001,-0.80508,-0.00536,0.19443,1
1267600001,-0.804801,-0.01022,0.194475,1
1267800001,-0.802961,-0.01094,0.19546,1
1268000001,-0.805001,-0.0103,0.19532,1
1268200001,-0.8034,-0.00432,0.197955,1
1268400001,-0.80244,-0.00584,0.19865,1
1268600001,-0.801,-0.0054,0.19808,1
1268800001,-0.8034,-0.00498,0.197235,1
1269000001,-0.805521,-0.00926,0.19752,1
1269200001,-0.808041,-0.01086,0.19269,1
1269400001,-0.805761,-0.01168,0.192265,1
1269600001,-0.807481,-0.01252,0.19442,1
1269800001,-0.805481,-0.01332,0.19375,1
1270000001,-0.803962,-0.01424,0.19643,1
1270200001,-0.804962,-0.0165,0.192295,1
1270400001,-0.803401,-0.01302,0.1955,1
1270600001,-0.803322,-0.01718,0.19723,1
1270800001,-0.801522,-0.0173,0.19663,1
1271000001,-0.802162,-0.01486,0.19762,1
1271200001,-0.804282,-0.01616,0.196505,1
1271400001,-0.804722,-0.01416,0.19525,1
1271600001,-0.806722,-0.01536,0.19449,1
1271800001,-0.806681,-0.01158,0.192085,1
1272000001,-0.80624,-0.00728,0.193905,1
1272200001,-0.80512,-0.00498,0.196635,1
1272400001,-0.80532,-0.00356,0.194185,1
1272600001,-0.80224,-0.0063,0.196965,1
1272800001,-0.80204,-0.00768,0.197505,1
1273000001,-0.80348,-0.00674,0.198135,1
1273200001,-0.80468,-0.00274,0.19626,1
1273400001,-0.80296,0.00028,0.196955,1
1273600001,-0.80376,-0.0053,0.197635,1
1273800001,-0.80436,-8e-05,0.196225,1
1274000001,-0.80468,-0.0008,0.19659,1
1274200001,-0.80792,0.00308,0.19466,1
1274400001,-0.80432,0.00492,0.19388,1
1274600001,-0.80364,0.007,0.1967,1
1274800001,-0.803961,0.01198,0.196835,1
1275000001,-0.803601,0.0084,0.196575,1
1275200001,-0.80552,0.00696,0.19576,1
1275400001,-0.8034,0.0058,0.19453,1
1275600001,-0.80432,0.0042,0.19592,1
1275800001,-0.80508,0.00084,0.19469,1
1276000001,-0.80596,-0.00106,0.195855,1
1276200001,-0.80588,0.00334,0.19407,1
1276400001,-0.80484,0.00444,0.195095,1
1276600001,-0.80556,0.00468,0.19369,1
1276800001,-0.80416,0.0042,0.19412,1
1277000001,-0.80712,0.00204,0.19375,1
1277200001,-0.80788,0.00208,0.19125,1
1277400001,-0.80764,0.00574,0.193455,1
1277600001,-0.8074,0.00296,0.194685,1
1277800001,-0.80816,0.00092,0.19193,1
1278000001,-0.80464,0.0019,0.193815,1
1278200001,-0.80436,0.0027,0.19538,1
1278400001,-0.80412,-0.00298,0.19674,1
1278600001,-0.80256,-0.00502,0.19613,1
1278800001,-0.8066,-0.0008,0.196045,1
1279000001,-0.80404,-0.00042,0.194075,1
1279200001,-0.80736,0.00106,0.19427,1
1279400001,-0.80436,-0.0027,0.19416,1
1279600001,-0.80508,-0.0057,0.19582,1
1279800001,-0.80412,-0.00692,0.196165,1
1280000001,-0.8064,-0.00486,0.194565,1
1280200001,-0.8072,-0.00702,0.19448,1
1280400001,-0.80532,-0.00376,0.192665,1
1280600001,-0.803,-0.00172,0.19728,1
1280800001,-0.80384,-0.00498,0.195295,1
1281000001,-0.80076,-0.00724,0.199225,1
1281200001,-0.80124,-0.00198,0.198465,1
1281400001,-0.80304,-0.00564,0.199965,1
1281600001,-0.8034,-0.00412,0.19506,1
1281800001,-0.803201,-0.00996,0.19712,1
1282000001,-0.805281,-0.01102,0.195955,1
1282200001,-0.805041,-0.00878,0.19502,1
1282400001,-0.806,-0.00448,0.195845,1
1282600001,-0.804841,-0.00918,0.194975,1
1282800001,-0.806321,-0.0097,0.1951,1
1283000001,-0.805001,-0.01126,0.19409,1
1283200001,-0.80508,-0.0013,0.19329,1
1283400001,-0.80388,-0.00564,0.194755,1
1283600001,-0.804401,-0.0119,0.194425,1
1283800001,-0.80344,-0.0076,0.195865,1
1284000001,-0.802921,-0.01128,0.19765,1
1284200001,-0.80368,-0.00456,0.19537,1
1284400001,-0.80316,-0.00614,0.196855,1
1284600001,-0.80344,-0.00756,0.197795,1
1284800001,-0.803041,-0.00898,0.197835,1
1285000001,-0.80276,-0.0078,0.197285,1
1285200001,-0.804761,-0.00904,0.19695,1
1285400001,-0.806162,-0.01696,0.1938,1
1285600001,-0.806241,-0.01006,0.192605,1
1285800001,-0.80448,-0.00672,0.195815,1
1286000001,-0.80248,-0.00398,0.195375,1
1286200001,-0.80256,-0.0058,0.197325,1
1286400001,-0.802281,-0.0089,0.196595,1
1286600001,-0.804081,-0.0098,0.195845,1
1286800001,-0.802761,-0.01086,0.197465,1
1287000001,-0.80224,-0.00662,0.19794,1
1287200001,-0.80368,-0.00474,0.19823,1
1287400001,-0.80392,-0.00174,0.1969,1
1287600001,-0.80536,-0.00032,0.194405,1
1287800001,-0.8068,-0.00692,0.19316,1
1288000001,-0.80608,0.00064,0.19524,1
1288200001,-0.80688,0.00248,0.19361,1
1288400001,-0.80656,0.0061,0.192175,1
1288600001,-0.80288,0.00654,0.19485,1
1288800001,-0.80368,-0.00088,0.197985,1
1289000001,-0.805,-0.00134,0.194385,1
1289200001,-0.80528,-0.00682,0.19615,1
1289400001,-0.8044,-0.00732,0.193825,1
1289600001,-0.80328,-0.00206,0.195795,1
1289800001,-0.80464,-0.00072,0.195995,1
1290000001,-0.80428,0.00026,0.194645,1
1290200001,-0.80208,0.0026,0.196995,1
1290400001,-0.80256,-0.00184,0.20014,1
1290600001,-0.80484,-0.00296,0.19687,1
1290800001,-0.8038,-0.0058,0.19617,1
1291000001,-0.8048,-0.00066,0.194065,1
1291200001,-0.802481,-0.0079,0.19554,1
1291400001,-0.801081,-0.00872,0.197235,1
1291600001,-0.803563,-0.01794,0.197965,1
1291800001,-0.804965,-0.02452,0.196005,1.00001
1292000001,-0.803404,-0.02334,0.196365,1.00001
1292200001,-0.804402,-0.0175,0.19514,1
1292400001,-0.804722,-0.0158,0.196945,1
1292600001,-0.801401,-0.01332,0.19726,1
1292800001,-0.804402,-0.01544,0.19719,1
1293000001,-0.803724,-0.02164,0.19505,1
1293200001,-0.802803,-0.01826,0.198915,1
1293400001,-0.804563,-0.01896,0.196355,1
1293600001,-0.802602,-0.0143,0.197255,1
1293800001,-0.803802,-0.01402,0.19621,1
1294000001,-0.805641,-0.01326,0.19449,1
1294200001,-0.80344,-0.00636,0.196075,1
1294400001,-0.80492,0.00138,0.196565,1
1294600001,-0.80372,0.00026,0.19625,1
1294800001,-0.80468,0.00326,0.19446,1
1295000001,-0.80548,0.00216,0.195245,1
1295200001,-0.80476,-0.00346,0.194955,1
1295400001,-0.80592,-0.0037,0.19471,1
1295600001,-0.8056,0.0052,0.196425,1
1295800001,-0.80472,0.0059,0.194835,1
1296000001,-0.80664,0.00642,0.19624,1
1296200001,-0.80636,0.00474,0.19348,1
1296400001,-0.80392,0.00272,0.194445,1
1296600001,-0.803,0.0018,0.19356,1
1296800001,-0.80424,-0.00098,0.195125,1
1297000001,-0.80836,-0.0036,0.193015,1
1297200001,-0.807161,-0.00872,0.19477,1
1297400001,-0.80396,-0.00248,0.19443,1
1297600001,-0.803,-0.00464,0.19702,1
1297800001,-0.802441,-0.01148,0.19507,1
1298000001,-0.804521,-0.0123,0.198175,1
1298200001,-0.803721,-0.00876,0.194895,1
1298400001,-0.801121,-0.01092,0.197,1
1298600001,-0.807201,-0.0128,0.19443,1
1298800001,-0.803761,-0.0092,0.19477,1
1299000001,-0.80336,-0.0003,0.195625,1
1299200001,-0.80484,-0.00282,0.1959,1
1299400001,-0.80692,0.00134,0.19597,1
1299600001,-0.8056,0.00218,0.19478,1
1299800001,-0.80464,0.00282,0.19652,1
1300000001,-0.80384,0.00762,0.19438,1
1300200001,-0.8024,0.00674,0.19725,1
1300400001,-0.80296,0.00538,0.19771,1
1300600001,-0.80292,0.00284,0.196905,1
1300800001,-0.803,0.00332,0.19772,1
1301000001,-0.8042,0.00102,0.196175,1
1301200001,-0.80524,-0.00282,0.19405,1
1301400001,-0.80324,0.0026,0.195435,1
1301600001,-0.80724,2e-05,0.195165,1
1301800001,-0.80728,-0.00456,0.194095,1
1302000001,-0.80468,0.00728,0.19336,1
1302200001,-0.8046,0.005,0.19416,1
1302400001,-0.8056,0.0004,0.19425,1
1302600001,-0.80532,-1.34915e-17,0.19391,1
1302800001,-0.802,0.00292,0.19518,1
1303000001,-0.80496,0.00312,0.19547,1
1303200001,-0.803801,0.01092,0.19522,1
1303400001,-0.803921,0.01158,0.196745,1
1303600001,-0.802281,0.01352,0.195215,1
1303800001,-0.807602,0.0137,0.194265,1
1304000001,-0.806881,0.00942,0.19404,1
1304200001,-0.80564,0.00352,0.192215,1
1304400001,-0.806121,0.00894,0.192585,1
1304600001,-0.80816,0.00268,0.194135,1
1304800001,-0.80584,0.00518,0.192755,1
1305000001,-0.80468,0.00384,0.193785,1
1305200001,-0.8048,0.00658,0.196595,1
1305400001,-0.80636,0.00614,0.19404,1
1305600001,-0.805241,0.0085,0.1949,1
1305800001,-0.806281,0.01308,0.195785,1
1306000001,-0.805081,0.0133,0.194845,1
1306200001,-0.804321,0.01332,0.195165,1
1306400001,-0.803921,0.01316,0.19477,1
1306600001,-0.803962,0.017,0.19433,1
1306800001,-0.805643,0.01958,0.197095,1
1307000001,-0.805442,0.01608,0.194245,1
1307200001,-0.807521,0.01236,0.19399,1
1307400001,-0.804321,0.01296,0.19415,1
1307600001,-0.805241,0.01052,0.19707,1
1307800001,-0.80536,0.0067,0.193515,1
1308000001,-0.80832,0.00616,0.191205,1
1308200001,-0.80452,0.00518,0.193105,1
1308400001,-0.80332,0.00368,0.195305,1
1308600001,-0.8014,0.0022,0.19765,1
1308800001,-0.80444,0.00462,0.197755,1
1309000001,-0.80408,-0.00134,0.19482,1
1309200001,-0.80472,-0.00364,0.194055,1
1309400001,-0.804121,-0.00984,0.1945,1
1309600001,-0.80352,-0.0007,0.196995,1
1309800001,-0.80328,-0.00478,0.19596,1
1310000001,-0.80448,-0.0038,0.194575,1
1310200001,-0.80488,-0.00244,0.19547,1
1310400001,-0.80692,-0.00604,0.19386,1
1310600001,-0.80476,-0.00242,0.194395,1
1310800001,-0.80452,0.00054,0.19813,1
1311000001,-0.8048,-0.00176,0.196615,1
1311200001,-0.80588,-0.0009,0.193265,1
1311400001,-0.80516,0.0016,0.191255,1
1311600001,-0.80524,-0.00246,0.194815,1
1311800001,-0.80624,-0.00146,0.1947,1
1312000001,-0.8062,-0.00316,0.195835,1
1312200001,-0.805561,-0.00828,0.1939,1
1312400001,-0.804921,-0.00808,0.19712,1
1312600001,-0.80584,-0.00484,0.19469,1
1312800001,-0.8046,-0.0051,0.194095,1
1313000001,-0.805721,-0.01102,0.19416,1
1313200001,-0.805242,-0.01628,0.195015,1
1313400001,-0.807084,-0.02282,0.193385,1.00001
1313600001,-0.806044,-0.02288,0.193625,1.00001
1313800001,-0.806483,-0.01828,0.19451,1
1314000001,-0.805321,-0.01336,0.19486,1
1314200001,-0.804082,-0.01574,0.195025,1
1314400001,-0.802962,-0.01716,0.197665,1
1314600001,-0.803604,-0.02248,0.19751,1.00001
1314800001,-0.804644,-0.02336,0.19535,1.00001
1315000001,-0.804083,-0.02078,0.195365,1
1315200001,-0.804242,-0.01506,0.19612,1
1315400001,-0.804481,-0.01334,0.19451,1
1315600001,-0.802763,-0.01864,0.198055,1
1315800001,-0.803803,-0.02028,0.19563,1
1316000001,-0.804683,-0.01862,0.193535,1
1316200001,-0.805002,-0.0145,0.19408,1
1316400001,-0.806321,-0.01162,0.19507,1
1316600001,-0.805683,-0.01816,0.195005,1
1316800001,-0.804442,-0.01524,0.19526,1
1317000001,-0.802762,-0.01414,0.196485,1
1317200001,-0.806761,-0.01276,0.194295,1
1317400001,-0.804921,-0.01322,0.193525,1
1317600001,-0.804361,-0.01208,0.195825,1
1317800001,-0.80036,-0.00588,0.19658,1
1318000001,-0.8018,0.00294,0.197845,1
1318200001,-0.804,0.0063,0.19746,1
1318400001,-0.807441,0.00888,0.195685,1
1318600001,-0.806601,0.00868,0.19299,1
1318800001,-0.806881,0.01358,0.193635,1
1319000001,-0.806481,0.01334,0.19189,1
1319200001,-0.804521,0.01098,0.19247,1
1319400001,-0.805401,0.01024,0.192905,1
1319600001,-0.80588,0.00388,0.19264,1
1319800001,-0.80376,0.00138,0.194665,1
1320000001,-0.8074,0.00526,0.19631,1
1320200001,-0.80828,-0.00016,0.192875,1
1320400001,-0.80908,0.00196,0.19056,1
1320600001,-0.80644,0.00338,0.192915,1
1320800001,-0.80592,0.00722,0.19465,1
1321000001,-0.806082,0.01432,0.194495,1
1321200001,-0.808321,0.01168,0.19105,1
1321400001,-0.809481,0.0115,0.191475,1
1321600001,-0.805201,0.0111,0.1941,1
1321800001,-0.803801,0.01206,0.19452,1
1322000001,-0.807041,0.01034,0.19461,1
1322200001,-0.803561,0.00918,0.19584,1
1322400001,-0.80516,0.00732,0.195815,1
1322600001,-0.80332,0.00716,0.19398,1
1322800001,-0.80416,0.00324,0.195,1
1323000001,-0.80344,0.00042,0.196985,1
1323200001,-0.80208,-0.00338,0.1965,1
1323400001,-0.8028,-0.00354,0.19641,1
1323600001,-0.8026,-0.00438,0.1979,1
1323800001,-0.80228,-0.00238,0.19822,1
1324000001,-0.8036,-0.00462,0.1969,1
1324200001,-0.805001,-0.01,0.196395,1
1324400001,-0.80412,-0.00378,0.196555,1
1324600001,-0.80368,-0.00524,0.196145,1
1324800001,-0.80256,-0.00746,0.197795,1
1325000001,-0.80124,-0.003,0.197225,1
1325200001,-0.80296,-0.00782,0.196255,1
1325400001,-0.8018,-0.0074,0.197305,1
1325600001,-0.801601,-0.0082,0.19853,1
1325800001,-0.80368,-0.00358,0.198815,1
1326000001,-0.8018,-0.00136,0.197855,1
1326200001,-0.80084,-0.00024,0.19873,1
1326400001,-0.80124,-0.00396,0.19814,1
1326600001,-0.80136,-0.00494,0.198585,1
1326800001,-0.80592,-0.00256,0.194895,1
1327000001,-0.80544,-0.0008,0.19504,1
1327200001,-0.80108,0.00114,0.197365,1
1327400001,-0.8,-0.00032,0.199795,1
1327600001,-0.79968,0.00036,0.19912,1
1327800001,-0.80104,0.00126,0.198525,1
1328000001,-0.80316,0.00324,0.197235,1
1328200001,-0.80452,0.0032,0.19671,1
1328400001,-0.807841,0.0127,0.193685,1
1328600001,-0.805642,0.01724,0.193375,1
1328800001,-0.805681,0.01272,0.19592,1
1329000001,-0.806482,0.0138,0.19306,1
1329200001,-0.806401,0.01234,0.193585,1
1329400001,-0.80508,0.00496,0.193985,1
1329600001,-0.805201,0.01216,0.19544,1
1329800001,-0.806201,0.00946,0.193495,1
1330000001,-0.804003,0.01802,0.19342,1
1330200001,-0.804563,0.01768,0.196125,1
1330400001,-0.805642,0.01576,0.19627,1
1330600001,-0.805043,0.01788,0.19522,1
1330800001,-0.805043,0.01912,0.19566,1
1331000001,-0.804002,0.01656,0.19614,1
1331200001,-0.803282,0.01428,0.19678,1
1331400001,-0.804161,0.00904,0.19573,1
1331600001,-0.801921,0.01008,0.19741,1
1331800001,-0.80264,0.00596,0.19467,1
1332000001,-0.80436,0.00204,0.19665,1
1332200001,-0.8048,0.00174,0.196795,1
1332400001,-0.8036,0.00182,0.19585,1
1332600001,-0.80316,-0.00098,0.19622,1
1332800001,-0.80532,0.00068,0.195415,1
1333000001,-0.805,0.00116,0.19456,1
1333200001,-0.80572,-0.00468,0.19313,1
1333400001,-0.80516,-0.00658,0.195075,1
1333600001,-0.80444,-0.00354,0.19541,1
1333800001,-0.80616,-0.00738,0.19554,1
1334000001,-0.805281,-0.0125,0.1942,1
1334200001,-0.803522,-0.01598,0.19757,1
1334400001,-0.802521,-0.01332,0.195825,1
1334600001,-0.80192,-0.00618,0.197345,1
1334800001,-0.802041,-0.01078,0.1968,1
1335000001,-0.803081,-0.01108,0.196765,1
1335200001,-0.803921,-0.0128,0.19529,1
1335400001,-0.805041,-0.01322,0.196075,1
1335600001,-0.803922,-0.01514,0.1954,1
1335800001,-0.800241,-0.0126,0.196755,1
1336000001,-0.802121,-0.01298,0.198075,1
1336200001,-0.801681,-0.01334,0.19841,1
1336400001,-0.800002,-0.01762,0.1996,1
1336600001,-0.802082,-0.01666,0.19807,1
1336800001,-0.800482,-0.01528,0.196505,1
1337000001,-0.800802,-0.01502,0.199205,1
1337200001,-0.802043,-0.01878,0.19821,1
1337400001,-0.802844,-0.02106,0.19665,1
1337600001,-0.803804,-0.02326,0.19527,1.00001
1337800001,-0.806443,-0.01814,0.19376,1
1338000001,-0.805684,-0.02088,0.193415,1
1338200001,-0.806164,-0.02174,0.194525,1
1338400001,-0.808083,-0.01926,0.19331,1
1338600001,-0.806284,-0.0236,0.193175,1.00001
1338800001,-0.806682,-0.01752,0.19198,1
1339000001,-0.807724,-0.02204,0.19426,1
1339200001,-0.804923,-0.0197,0.193575,1
1339400001,-0.806522,-0.01684,0.195985,1
1339600001,-0.805482,-0.01634,0.195835,1
1339800001,-0.80416,-0.00462,0.19674,1
1340000001,-0.80328,-0.0015,0.19654,1
1340200001,-0.80232,0.00152,0.197175,1
1340400001,-0.804201,0.0091,0.197955,1
1340600001,-0.802322,0.01536,0.195855,1
1340800001,-0.804562,0.01554,0.195435,1
1341000001,-0.808045,0.02524,0.193575,1.00001
1341200001,-0.806527,0.0298,0.19324,1.00001
1341400001,-0.804448,0.03196,0.19711,1.00001
1341600001,-0.802806,0.02672,0.1963,1.00001
1341800001,-0.803246,0.02686,0.197415,1.00001
1342000001,-0.805527,0.02926,0.19524,1.00001
1342200001,-0.803887,0.02924,0.195655,1.00001
1342400001,-0.803804,0.02366,0.196685,1.00001
1342600001,-0.805723,0.01826,0.19671,1
1342800001,-0.803642,0.01744,0.194745,1
1343000001,-0.803642,0.01652,0.19704,1
1343200001,-0.805562,0.01586,0.195145,1
1343400001,-0.803761,0.0118,0.196905,1
1343600001,-0.805482,0.0149,0.196355,1
1343800001,-0.808081,0.00922,0.19589,1
1344000001,-0.80692,0.00602,0.19474,1
1344200001,-0.80496,0.00766,0.19342,1
1344400001,-0.803281,0.01202,0.19574,1
1344600001,-0.80388,0.00712,0.196625,1
1344800001,-0.80548,0.00318,0.194795,1
1345000001,-0.80276,0.00556,0.196805,1
1345200001,-0.80252,0.00578,0.197775,1
1345400001,-0.80344,0.00772,0.195855,1
1345600001,-0.803361,0.0081,0.198365,1
1345800001,-0.80428,0.0063,0.19643,1
1346000001,-0.80492,-0.00082,0.19618,1
1346200001,-0.80696,0.00108,0.195105,1
1346400001,-0.80424,0.00178,0.193135,1
1346600001,-0.80428,0.00118,0.19649,1
1346800001,-0.80396,-0.00362,0.19654,1
1347000001,-0.8056,0.00214,0.19592,1
1347200001,-0.80508,-0.00214,0.19497,1
1347400001,-0.80448,-0.00352,0.194915,1
1347600001,-0.80536,-0.00134,0.194275,1
1347800001,-0.80448,0.0015,0.19516,1
1348000001,-0.80244,0.00534,0.19631,1
1348200001,-0.802761,0.00844,0.198765,1
1348400001,-0.80344,0.00416,0.19734,1
1348600001,-0.80312,-0.00052,0.19542,1
1348800001,-0.80412,-0.00164,0.19474,1
1349000001,-0.80452,-0.00296,0.19667,1
1349200001,-0.803481,-0.0087,0.196915,1
1349400001,-0.80512,-0.0022,0.197235,1
1349600001,-0.80604,-0.00424,0.19404,1
1349800001,-0.804961,-0.00848,0.19449,1
1350000001,-0.804162,-0.01424,0.19618,1
1350200001,-0.805681,-0.01198,0.192765,1
1350400001,-0.806641,-0.01096,0.193755,1
1350600001,-0.806361,-0.00858,0.194215,1
1350800001,-0.805841,-0.01282,0.19357,1
1351000001,-0.807682,-0.01364,0.194375,1
1351200001,-0.805842,-0.01714,0.193235,1
1351400001,-0.804923,-0.01988,0.193345,1
1351600001,-0.805122,-0.01634,0.195255,1
1351800001,-0.804521,-0.0124,0.193135,1
1352000001,-0.805161,-0.01358,0.194455,1
1352200001,-0.804843,-0.01842,0.19517,1
1352400001,-0.803882,-0.01504,0.196925,1
1352600001,-0.805081,-0.0114,0.19607,1
1352800001,-0.807002,-0.0156,0.19586,1
1353000001,-0.805562,-0.01634,0.193905,1
1353200001,-0.80496,-0.00332,0.195395,1
1353400001,-0.80504,0.00068,0.19547,1
1353600001,-0.8056,0.00156,0.1954,1
1353800001,-0.80644,0.0029,0.196705,1
1354000001,-0.80684,0.00298,0.19402,1
1354200001,-0.80624,-0.00254,0.19439,1
1354400001,-0.8068,-0.00334,0.19206,1
1354600001,-0.80548,-0.00148,0.193905,1
1354800001,-0.80508,0.00258,0.193955,1
1355000001,-0.80564,-0.00264,0.194815,1
1355200001,-0.80672,-0.00608,0.19287,1
1355400001,-0.807881,-0.00912,0.19243,1
1355600001,-0.80608,-0.00568,0.19307,1
1355800001,-0.80448,-0.00314,0.194065,1
1356000001,-0.803561,-0.00872,0.195655,1
1356200001,-0.801321,-0.00818,0.195985,1
1356400001,-0.801761,-0.01112,0.198245,1
1356600001,-0.803641,-0.01286,0.196345,1
1356800001,-0.803401,-0.00872,0.196745,1
1357000001,-0.80684,-0.00688,0.19431,1
1357200001,-0.806841,-0.00862,0.193575,1
1357400001,-0.804362,-0.01434,0.19351,1
1357600001,-0.803641,-0.01232,0.195735,1
1357800001,-0.803681,-0.01286,0.196315,1
1358000001,-0.802441,-0.00838,0.19721,1
1358200001,-0.803161,-0.01064,0.196515,1
1358400001,-0.8052,-0.00718,0.194905,1
1358600001,-0.80848,0.00026,0.19238,1
1358800001,-0.80576,0.00418,0.19305,1
1359000001,-0.80612,-0.0022,0.193595,1
1359200001,-0.8062,0.00156,0.19343,1
1359400001,-0.80752,0.0011,0.192555,1
1359600001,-0.80468,0.00444,0.195345,1
1359800001,-0.80396,0.00158,0.195845,1
1360000001,-0.80476,0.00392,0.196055,1
1360200001,-0.8042,-0.00028,0.1952,1
1360400001,-0.80648,-0.00388,0.19376,1
1360600001,-0.80564,-0.00774,0.194465,1
1360800001,-0.804241,-0.0099,0.19498,1
1361000001,-0.80584,-0.00598,0.19465,1
1361200001,-0.80444,-0.00448,0.192675,1
1361400001,-0.8026,0.00202,0.195235,1
1361600001,-0.80232,0.00312,0.195205,1
1361800001,-0.7998,0.00532,0.19855,1
1362000001,-0.80324,-0.001,0.19965,1
1362200001,-0.80372,-0.00096,0.19597,1
1362400001,-0.8024,-0.00338,0.196355,1
1362600001,-0.80376,-0.00346,0.19577,1
1362800001,-0.80356,0.0018,0.196785,1
1363000001,-0.80512,-0.00086,0.196015,1
1363200001,-0.80312,-0.00242,0.19583,1
1363400001,-0.80252,-0.00696,0.196025,1
1363600001,-0.80308,-0.00052,0.19807,1
1363800001,-0.8054,-0.00156,0.19551,1
1364000001,-0.80304,0.0024,0.19531,1
1364200001,-0.80416,0.00424,0.19718,1
1364400001,-0.80588,0.00392,0.19518,1
1364600001,-0.8062,0.00554,0.193785,1
1364800001,-0.80448,0.00644,0.194885,1
1365000001,-0.802601,0.00982,0.197425,1
1365200001,-0.80408,-4e-05,0.197555,1
1365400001,-0.80288,-0.00486,0.197455,1
1365600001,-0.80304,-0.00618,0.19865,1
1365800001,-0.8042,-0.00484,0.198155,1
1366000001,-0.803921,-0.0091,0.196745,1
1366200001,-0.804842,-0.01412,0.195515,1
1366400001,-0.802561,-0.01348,0.19486,1
1366600001,-0.803001,-0.01286,0.197995,1
1366800001,-0.80264,-0.00096,0.195795,1
1367000001,-0.80284,0.0012,0.19794,1
1367200001,-0.80224,0.00578,0.197395,1
1367400001,-0.80384,0.0039,0.19698,1
1367600001,-0.80148,0.00616,0.199385,1
1367800001,-0.80316,-0.00076,0.19815,1
1368000001,-0.80316,0.00044,0.19797,1
1368200001,-0.80232,-0.00174,0.196655,1
1368400001,-0.80324,-0.00056,0.196685,1
1368600001,-0.80732,0.00014,0.195085,1
1368800001,-0.80512,0.00094,0.1934,1
1369000001,-0.80744,0.00042,0.19303,1
1369200001,-0.80508,0.0032,0.192195,1
1369400001,-0.80524,0.0059,0.194385,1
1369600001,-0.80572,0.00458,0.19518,1
1369800001,-0.80372,0.00126,0.19455,1
1370000001,-0.80556,0.00284,0.195165,1
1370200001,-0.80772,0.00526,0.192585,1
1370400001,-0.807001,0.00858,0.19128,1
1370600001,-0.80536,0.00674,0.194,1
1370800001,-0.807,0.00512,0.192745,1
1371000001,-0.801,0.00392,0.19728,1
1371200001,-0.80076,0.00368,0.19651,1
1371400001,-0.8044,-0.00396,0.19793,1
1371600001,-0.80292,-0.0018,0.19612,1
1371800001,-0.80444,-0.00306,0.195015,1
1372000001,-0.80404,-0.00706,0.1945,1
1372200001,-0.80164,-0.00466,0.1952,1
1372400001,-0.80164,-0.00506,0.19782,1
1372600001,-0.80128,0.00016,0.196825,1
1372800001,-0.80164,0.00742,0.197775,1
1373000001,-0.80176,0.00742,0.19917,1
1373200001,-0.8032,0.0053,0.19579,1
1373400001,-0.8024,0.00544,0.196385,1
1373600001,-0.80288,0.00332,0.19524,1
1373800001,-0.802441,0.00828,0.19593,1
1374000001,-0.80452,0.0032,0.20001,1
1374200001,-0.80248,0.00438,0.195945,1
1374400001,-0.80124,-0.00186,0.19652,1
1374600001,-0.80108,0.00034,0.19816,1
1374800001,-0.80324,-0.00012,0.199845,1
1375000001,-0.80428,-0.00256,0.19798,1
1375200001,-0.80276,0.00024,0.19638,1
1375400001,-0.8026,0.0021,0.196955,1
1375600001,-0.80104,0.0066,0.198135,1
1375800001,-0.80264,-0.00466,0.199285,1
1376000001,-0.80348,0.00044,0.196865,1
1376200001,-0.80188,-0.00074,0.197835,1
1376400001,-0.80264,-0.00128,0.197065,1
1376600001,-0.80208,-0.00336,0.19848,1
1376800001,-0.80464,-0.00228,0.19609,1
1377000001,-0.8038,0.00074,0.194365,1
1377200001,-0.80412,0.00358,0.19472,1
1377400001,-0.80316,0.00112,0.197135,1
1377600001,-0.80356,-0.00462,0.197835,1
1377800001,-0.80176,-0.00666,0.19833,1
1378000001,-0.801,-0.00296,0.197595,1
1378200001,-0.80248,0.00562,0.197405,1
1378400001,-0.80452,0.00166,0.19578,1
1378600001,-0.80408,0.0032,0.195965,1
1378800001,-0.80592,0.00348,0.19395,1
1379000001,-0.80556,-0.0011,0.194475,1
1379200001,-0.80508,-0.00472,0.195885,1
1379400001,-0.8062,-0.00296,0.19411,1
1379600001,-0.803881,-0.00812,0.19538,1
1379800001,-0.803721,-0.01136,0.19527,1
1380000001,-0.805121,-0.00872,0.19662,1
1380200001,-0.80428,-0.00142,0.196275,1
1380400001,-0.80248,-0.00096,0.197135,1
1380600001,-0.80312,0.00078,0.197205,1
1380800001,-0.80596,-0.0056,0.195035,1
1381000001,-0.803201,-0.00956,0.19513,1
1381200001,-0.806041,-0.01042,0.196175,1
1381400001,-0.805321,-0.01364,0.193885,1
1381600001,-0.805082,-0.01452,0.19633,1
1381800001,-0.803801,-0.0114,0.19465,1
1382000001,-0.804681,-0.00912,0.19555,1
1382200001,-0.803801,-0.00922,0.196375,1
1382400001,-0.806081,-0.01016,0.193795,1
1382600001,-0.805761,-0.01146,0.194135,1
1382800001,-0.807561,-0.00932,0.192605,1
1383000001,-0.8038,-0.00486,0.196495,1
1383200001,-0.8066,-0.00682,0.19259,1
1383400001,-0.8074,-0.00464,0.191985,1
1383600001,-0.80628,0.00084,0.19237,1
1383800001,-0.80092,0.00346,0.197735,1
1384000001,-0.80392,0.00178,0.19837,1
1384200001,-0.8024,0.00546,0.19482,1
1384400001,-0.804521,0.01198,0.19442,1
1384600001,-0.804201,0.01092,0.194295,1
1384800001,-0.807001,0.0087,0.193325,1
1385000001,-0.80964,0.00656,0.190795,1
1385200001,-0.80452,0.00406,0.192055,1
1385400001,-0.80544,0.00646,0.19479,1
1385600001,-0.805961,0.00978,0.19718,1
1385800001,-0.80492,0.00654,0.19563,1
1386000001,-0.80588,0.00392,0.195235,1
1386200001,-0.80748,-0.00136,0.19246,1
1386400001,-0.8062,-0.00328,0.1933,1
1386600001,-0.80828,0.00346,0.193895,1
1386800001,-0.80504,0.00678,0.19415,1
1387000001,-0.804241,0.01014,0.1946,1
1387200001,-0.80464,0.00714,0.19625,1
1387400001,-0.806081,0.0089,0.19452,1
1387600001,-0.806561,0.01012,0.194405,1
1387800001,-0.807281,0.01316,0.19109,1
1388000001,-0.806281,0.01116,0.19227,1
1388200001,-0.807241,0.00796,0.19291,1
1388400001,-0.804761,0.00972,0.19568,1
1388600001,-0.805561,0.01112,0.19571,1
1388800001,-0.805681,0.01272,0.19345,1
1389000001,-0.809921,0.01134,0.193685,1
1389200001,-0.80556,0.00518,0.19336,1
1389400001,-0.80884,-0.00094,0.19389,1
1389600001,-0.809281,-0.01002,0.19339,1
1389800001,-0.807481,-0.0079,0.19278,1
1390000001,-0.806961,-0.01066,0.19239,1
1390200001,-0.808241,-0.01232,0.192775,1
1390400001,-0.806841,-0.01224,0.19116,1
1390600001,-0.802601,-0.01098,0.195965,1
1390800001,-0.803041,-0.0103,0.1975,1
1391000001,-0.802521,-0.01292,0.197455,1
1391200001,-0.802322,-0.01422,0.197705,1
1391400001,-0.804841,-0.01158,0.19704,1
1391600001,-0.806761,-0.0118,0.194095,1
1391800001,-0.805482,-0.01562,0.193385,1
1392000001,-0.80724,-0.00404,0.193595,1
1392200001,-0.80496,-0.00524,0.19537,1
1392400001,-0.80696,-0.00538,0.194155,1
1392600001,-0.80644,-0.0071,0.19287,1
1392800001,-0.808241,-0.00828,0.192615,1
1393000001,-0.80768,-0.0071,0.191485,1
1393200001,-0.804681,-0.01284,0.194835,1
1393400001,-0.806321,-0.013,0.19389,1
1393600001,-0.80352,-0.00646,0.194285,1
1393800001,-0.80412,-0.0031,0.19595,1
1394000001,-0.80428,-0.00182,0.19639,1
1394200001,-0.80392,-0.00422,0.19604,1
1394400001,-0.80448,0.001,0.194965,1
1394600001,-0.80428,0.00378,0.194265,1
1394800001,-0.80504,-0.0056,0.196055,1
1395000001,-0.802521,-0.0084,0.19576,1
1395200001,-0.80508,-0.00522,0.196155,1
1395400001,-0.80444,-0.0042,0.194955,1
1395600001,-0.803321,-0.00856,0.19602,1
1395800001,-0.801441,-0.00848,0.19757,1
1396000001,-0.803081,-0.01006,0.197035,1
1396200001,-0.8042,-0.00544,0.195815,1
1396400001,-0.80484,-0.00474,0.195715,1
1396600001,-0.8058,-0.00438,0.19484,1
1396800001,-0.80424,-0.00396,0.195775,1
1397000001,-0.80608,-0.00334,0.196115,1
1397200001,-0.806481,-0.0081,0.19611,1
1397400001,-0.80772,-0.00562,0.19104,1
1397600001,-0.80648,-0.00596,0.194925,1
1397800001,-0.80488,-0.0074,0.194,1
1398000001,-0.8044,-0.00334,0.194565,1
1398200001,-0.80596,-0.00016,0.192415,1
1398400001,-0.80684,-0.003,0.19329,1
1398600001,-0.80776,-0.00352,0.19286,1
1398800001,-0.80524,-0.00326,0.194165,1
1399000001,-0.80668,-0.00698,0.19349,1
1399200001,-0.809242,-0.0138,0.193705,1
1399400001,-0.806922,-0.01538,0.192765,1
1399600001,-0.806801,-0.00884,0.194965,1
1399800001,-0.807721,-0.01032,0.19229,1
1400000001,-0.807362,-0.01432,0.19305,1
1400200001,-0.804281,-0.00834,0.192485,1
1400400001,-0.80676,-0.00622,0.19402,1
1400600001,-0.806001,-0.0087,0.19462,1
1400800001,-0.80788,-0.00532,0.192485,1
1401000001,-0.806201,-0.00886,0.193135,1
1401200001,-0.802721,-0.00802,0.19649,1
1401400001,-0.8022,-0.0053,0.19761,1
1401600001,-0.80168,-0.00082,0.19669,1
1401800001,-0.80336,0.00314,0.19588,1
1402000001,-0.80132,0.00216,0.196995,1
1402200001,-0.80304,-0.00072,0.19745,1
1402400001,-0.8044,-0.00278,0.195565,1
1402600001,-0.80696,-0.00342,0.19454,1
1402800001,-0.80476,-0.00198,0.19397,1
1403000001,-0.80476,0.00196,0.196925,1
1403200001,-0.80392,0.0004,0.19645,1
1403400001,-0.80372,-0.00148,0.19536,1
1403600001,-0.80164,-0.00214,0.197455,1
1403800001,-0.80036,-0.00072,0.197725,1
1404000001,-0.79736,-0.00192,0.1995,1
1404200001,-0.8006,0.00168,0.2008,1
1404400001,-0.80068,0.00446,0.197255,1
1404600001,-0.80368,0.0058,0.196355,1
1404800001,-0.80352,0.0021,0.195765,1
1405000001,-0.8042,0.00538,0.19664,1
1405200001,-0.804361,0.00858,0.19775,1
1405400001,-0.805601,0.0081,0.19451,1
1405600001,-0.80548,0.00544,0.193475,1
1405800001,-0.80544,0.0041,0.196055,1
1406000001,-0.80448,0.00094,0.19568,1
1406200001,-0.8046,0.0038,0.195595,1
1406400001,-0.80228,0.00128,0.19589,1
1406600001,-0.80072,0.00024,0.19782,1
1406800001,-0.80184,0.00218,0.199705,1
1407000001,-0.80284,0.00278,0.19673,1
1407200001,-0.80252,0.0033,0.19746,1
1407400001,-0.8028,0.00144,0.197305,1
1407600001,-0.80392,-0.00164,0.19634,1
1407800001,-0.80424,-0.00058,0.196225,1
1408000001,-0.80192,-0.00324,0.195785,1
1408200001,-0.80224,-0.00424,0.19714,1
1408400001,-0.80244,-0.007,0.19653,1
1408600001,-0.80288,-0.0058,0.19652,1
1408800001,-0.804,-0.00742,0.198305,1
1409000001,-0.800881,-0.008,0.198435,1
1409200001,-0.8032,-0.00536,0.1997,1
1409400001,-0.80648,0.00228,0.19555,1
1409600001,-0.80356,-2e-05,0.194815,1
1409800001,-0.80516,0.00244,0.196885,1
1410000001,-0.80412,0.00322,0.195765,1
1410200001,-0.80284,0.00676,0.197545,1
1410400001,-0.804681,0.00868,0.19715,1
1410600001,-0.803841,0.00956,0.19662,1
1410800001,-0.80468,0.00648,0.1966,1
1411000001,-0.804201,0.0079,0.195805,1
1411200001,-0.80496,0.00166,0.19539,1
1411400001,-0.806,0.00398,0.1955,1
1411600001,-0.80764,-0.00108,0.194475,1
1411800001,-0.80356,0.0018,0.19434,1
1412000001,-0.80268,-0.00032,0.19659,1
1412200001,-0.80396,-0.0026,0.19599,1
1412400001,-0.80348,-0.00442,0.195015,1
1412600001,-0.80684,-0.0073,0.19364,1
1412800001,-0.806042,-0.0176,0.193945,1
1413000001,-0.804323,-0.01852,0.194,1
1413200001,-0.808522,-0.01726,0.196415,1
1413400001,-0.804802,-0.01752,0.192465,1
1413600001,-0.803202,-0.0151,0.194895,1
1413800001,-0.80428,-0.00764,0.197535,1
1414000001,-0.806122,-0.01538,0.194895,1
1414200001,-0.806563,-0.02026,0.19504,1
1414400001,-0.806883,-0.01804,0.193715,1
1414600001,-0.807364,-0.023,0.19293,1.00001
1414800001,-0.806885,-0.02502,0.192295,1.00001
1415000001,-0.806406,-0.02618,0.19245,1.00001
1415200001,-0.805604,-0.02216,0.191935,1
1415400001,-0.804125,-0.02444,0.19471,1.00001
1415600001,-0.805243,-0.01896,0.19591,1
1415800001,-0.805043,-0.02036,0.19558,1
1416000001,-0.806086,-0.02624,0.19359,1.00001
1416200001,-0.802446,-0.0276,0.19423,1.00001
1416400001,-0.804602,-0.01646,0.196645,1
1416600001,-0.803242,-0.01392,0.196395,1
1416800001,-0.802641,-0.01314,0.199255,1
1417000001,-0.805042,-0.01544,0.195615,1
1417200001,-0.804403,-0.01964,0.19532,1
1417400001,-0.804684,-0.0217,0.195795,1
1417600001,-0.802923,-0.02068,0.197195,1
1417800001,-0.804044,-0.02212,0.19587,1
1418000001,-0.802203,-0.01792,0.19568,1
1418200001,-0.804683,-0.01816,0.1948,1
1418400001,-0.803603,-0.01816,0.19818,1
1418600001,-0.802724,-0.02242,0.195695,1.00001
1418800001,-0.804804,-0.02112,0.195785,1
1419000001,-0.804362,-0.0163,0.197095,1
1419200001,-0.802081,-0.00994,0.19476,1
1419400001,-0.802681,-0.01294,0.19859,1
1419600001,-0.80112,-0.00254,0.19789,1
1419800001,-0.80204,-0.00312,0.196465,1
1420000001,-0.80472,-0.00256,0.19583,1
1420200001,-0.80272,-0.00256,0.19629,1
1420400001,-0.80096,-0.00506,0.198275,1
1420600001,-0.80344,-0.00044,0.197965,1
1420800001,-0.80292,-0.00184,0.19571,1
1421000001,-0.80448,0.00214,0.194105,1
1421200001,-0.80444,0.00066,0.19504,1
1421400001,-0.801881,0.01046,0.19724,1
1421600001,-0.804241,0.01284,0.197205,1
1421800001,-0.805763,0.01864,0.1953,1
1422000001,-0.801524,0.02118,0.195365,1
1422200001,-0.802682,0.01538,0.19694,1
1422400001,-0.801281,0.01254,0.19865,1
1422600001,-0.801721,0.01122,0.19627,1
1422800001,-0.804201,0.0079,0.19693,1
1423000001,-0.806001,0.00814,0.19343,1
1423200001,-0.80364,0.00308,0.195005,1
1423400001,-0.80268,0.00478,0.196255,1
1423600001,-0.8048,-0.00146,0.19831,1
1423800001,-0.8012,-0.00516,0.198145,1
1424000001,-0.799561,-0.008,0.19772,1
1424200001,-0.800641,-0.01022,0.200815,1
1424400001,-0.802881,-0.01196,0.195325,1
1424600001,-0.803161,-0.00868,0.19665,1
1424800001,-0.80248,-0.0007,0.198325,1
1425000001,-0.80632,0.00386,0.19423,1
1425200001,-0.8056,0.00558,0.19622,1
1425400001,-0.80596,0.0002,0.193715,1
1425600001,-0.80676,-0.00266,0.195175,1
1425800001,-0.80604,-0.00584,0.194525,1
1426000001,-0.806561,-0.0119,0.195825,1
1426200001,-0.808361,-0.01028,0.193415,1
1426400001,-0.804601,-0.01154,0.192695,1
1426600001,-0.805162,-0.01388,0.193945,1
1426800001,-0.803321,-0.01332,0.19384,1
1427000001,-0.805002,-0.01392,0.19592,1
1427200001,-0.805081,-0.00876,0.19525,1
1427400001,-0.803242,-0.0143,0.194425,1
1427600001,-0.804681,-0.0123,0.19576,1
1427800001,-0.803161,-0.01122,0.19626,1
1428000001,-0.803321,-0.01274,0.19707,1
1428200001,-0.804081,-0.01118,0.19619,1
1428400001,-0.803201,-0.01146,0.1974,1
1428600001,-0.80332,-0.00644,0.198015,1
1428800001,-0.80448,-0.00696,0.19749,1
1429000001,-0.80428,-0.00662,0.195355,1
1429200001,-0.80392,-0.002,0.197275,1
1429400001,-0.80168,-0.00406,0.197905,1
1429600001,-0.80272,-0.00192,0.197365,1
1429800001,-0.80308,-0.00342,0.196705,1
1430000001,-0.8062,-0.00538,0.19502,1
1430200001,-0.80292,-0.00252,0.195685,1
1430400001,-0.8042,-0.0027,0.196185,1
1430600001,-0.80432,-0.00558,0.19614,1
1430800001,-0.803201,-0.00824,0.196985,1
1431000001,-0.806161,-0.01242,0.196585,1
1431200001,-0.804562,-0.01432,0.196145,1
1431400001,-0.803322,-0.01444,0.19645,1
1431600001,-0.802682,-0.0149,0.199265,1
1431800001,-0.803561,-0.01264,0.198385,1
1432000001,-0.803882,-0.01688,0.19501,1
1432200001,-0.804241,-0.01276,0.19725,1
1432400001,-0.805761,-0.01318,0.195375,1
1432600001,-0.808081,-0.0132,0.193245,1
1432800001,-0.806601,-0.01,0.19224,1
1433000001,-0.805881,-0.013,0.19195,1
1433200001,-0.8026,-0.0039,0.197155,1
1433400001,-0.80276,0.00104,0.199145,1
1433600001,-0.80288,-0.0009,0.197115,1
1433800001,-0.80512,-0.00622,0.19626,1
1434000001,-0.804241,-0.01248,0.196045,1
1434200001,-0.805242,-0.01502,0.193815,1
1434400001,-0.805843,-0.01918,0.19345,1
1434600001,-0.804003,-0.01874,0.19443,1
1434800001,-0.803884,-0.02332,0.195855,1.00001
1435000001,-0.804164,-0.0217,0.196105,1
1435200001,-0.804642,-0.01632,0.195175,1
1435400001,-0.806121,-0.00866,0.193205,1
1435600001,-0.804321,-0.01058,0.19539,1
1435800001,-0.80368,-0.0035,0.1968,1
1436000001,-0.80436,0.00076,0.196685,1
1436200001,-0.79996,-0.00046,0.196705,1
1436400001,-0.801,-0.0012,0.197715,1
1436600001,-0.8032,0.00298,0.197225,1
1436800001,-0.80284,-0.00202,0.19772,1
1437000001,-0.8016,-0.00166,0.19956,1
1437200001,-0.80496,-0.00274,0.19673,1
1437400001,-0.80604,-0.0034,0.195745,1
1437600001,-0.80656,-0.00248,0.19412,1
1437800001,-0.80356,-0.00394,0.195215,1
1438000001,-0.804641,-0.00922,0.1939,1
1438200001,-0.803441,-0.0118,0.194855,1
1438400001,-0.802601,-0.00886,0.197445,1
1438600001,-0.801161,-0.00964,0.198775,1
1438800001,-0.80212,-0.0076,0.19586,1
1439000001,-0.801521,-0.01018,0.196875,1
1439200001,-0.799881,-0.00976,0.198195,1
1439400001,-0.802,-0.00744,0.19964,1
1439600001,-0.80236,-0.00262,0.197675,1
1439800001,-0.80216,-0.00132,0.197405,1
1440000001,-0.80364,-0.00012,0.1979,1
1440200001,-0.80308,0.00538,0.193985,1
1440400001,-0.801241,0.01144,0.196465,1
1440600001,-0.80476,0.00766,0.196455,1
1440800001,-0.80392,0.0069,0.19324,1
1441000001,-0.80428,0.00452,0.196195,1
1441200001,-0.80456,0.00166,0.194685,1
1441400001,-0.80476,-0.00442,0.19588,1
1441600001,-0.80532,-0.00764,0.194175,1
1441800001,-0.80604,-0.00744,0.19407,1
1442000001,-0.806241,-0.01218,0.195625,1
1442200001,-0.805441,-0.0112,0.195665,1
1442400001,-0.803481,-0.01214,0.194095,1
1442600001,-0.802922,-0.01388,0.194165,1
1442800001,-0.804241,-0.00912,0.19699,1
1443000001,-0.805561,-0.01014,0.194745,1
1443200001,-0.806721,-0.01066,0.19307,1
1443400001,-0.807201,-0.00908,0.191145,1
1443600001,-0.80536,-0.00646,0.193325,1
1443800001,-0.80832,-0.0034,0.192615,1
1444000001,-0.80484,-0.00572,0.19491,1
1444200001,-0.808761,-0.00866,0.193405,1
1444400001,-0.80432,-0.00532,0.192685,1
1444600001,-0.80828,-0.0001,0.194295,1
1444800001,-0.80784,-0.002,0.192415,1
1445000001,-0.80464,0.00148,0.19487,1
1445200001,-0.80248,0.00656,0.19661,1
1445400001,-0.8016,0.00404,0.19773,1
1445600001,-0.80252,0.00168,0.19916,1
1445800001,-0.8048,2e-05,0.197045,1
1446000001,-0.80328,0.0027,0.19704,1
1446200001,-0.80376,0.00676,0.195715,1
1446400001,-0.80484,0.00412,0.19754,1
1446600001,-0.80376,0.00762,0.195765,1
1446800001,-0.8032,0.00746,0.194,1
1447000001,-0.80396,0.00402,0.19769,1
1447200001,-0.80524,-0.00066,0.1961,1
1447400001,-0.8064,6e-05,0.19425,1
1447600001,-0.80428,-0.00444,0.195535,1
1447800001,-0.8062,-0.0065,0.198205,1
1448000001,-0.80484,-0.00702,0.19374,1
1448200001,-0.80084,-0.00338,0.19707,1
1448400001,-0.80344,0.00166,0.19639,1
1448600001,-0.8044,0.00164,0.196815,1
1448800001,-0.80292,-0.00074,0.196175,1
1449000001,-0.8034,-0.0033,0.19686,1
1449200001,-0.80536,-0.00018,0.19465,1
1449400001,-0.80344,-0.00358,0.19671,1
1449600001,-0.804,-0.00604,0.198165,1
1449800001,-0.804841,-0.00964,0.19519,1
1450000001,-0.807842,-0.01504,0.1936,1
1450200001,-0.807323,-0.01812,0.19242,1
1450400001,-0.804721,-0.01266,0.192225,1
1450600001,-0.805282,-0.01748,0.195095,1
1450800001,-0.805721,-0.01358,0.195555,1
1451000001,-0.803321,-0.0081,0.19612,1
1451200001,-0.80576,-0.0047,0.19639,1
1451400001,-0.8052,0.0008,0.194485,1
1451600001,-0.80408,0.00506,0.194775,1
1451800001,-0.80644,0.00246,0.19441,1
1452000001,-0.80848,0.00474,0.19405,1
1452200001,-0.8094,0.0031,0.19093,1
1452400001,-0.80764,0.00192,0.190485,1
1452600001,-0.80556,0.00772,0.19392,1
1452800001,-0.805361,0.01076,0.19574,1
1453000001,-0.803241,0.01324,0.1942,1
1453200001,-0.803362,0.01722,0.196595,1
1453400001,-0.801561,0.01358,0.19588,1
1453600001,-0.80292,0.00414,0.19702,1
1453800001,-0.80168,0.0065,0.19655,1
1454000001,-0.8032,0.00584,0.197545,1
1454200001,-0.801761,0.00842,0.198845,1
1454400001,-0.80524,0.00678,0.1968,1
1454600001,-0.80524,-0.00012,0.195175,1
1454800001,-0.80304,0.00178,0.197445,1
1455000001,-0.80392,0.0002,0.196095,1
1455200001,-0.80448,-0.00016,0.19609,1
1455400001,-0.80452,-0.00368,0.19638,1
1455600001,-0.80452,-0.00132,0.1982,1
1455800001,-0.80744,-0.00078,0.194145,1
1456000001,-0.80544,0.00196,0.194425,1
1456200001,-0.8062,0.00388,0.1967,1
1456400001,-0.80672,0.00162,0.193925,1
1456600001,-0.80468,-0.00478,0.19457,1
1456800001,-0.8058,-0.00128,0.195335,1
1457000001,-0.80516,-0.00274,0.193795,1
1457200001,-0.80404,-0.0021,0.19524,1
1457400001,-0.80668,0.00258,0.19393,1
1457600001,-0.80456,-0.00314,0.19571,1
1457800001,-0.805,-0.00352,0.195625,1
1458000001,-0.80488,-0.00026,0.195085,1
1458200001,-0.80644,-0.0015,0.19209,1
1458400001,-0.806,-0.00254,0.19426,1
1458600001,-0.8064,0.00432,0.191725,1
1458800001,-0.80492,0.00692,0.19483,1
1459000001,-0.80464,0.00246,0.196795,1
1459200001,-0.80204,-0.0028,0.195135,1
1459400001,-0.80276,-0.00154,0.196325,1
1459600001,-0.80404,0.00128,0.195765,1
1459800001,-0.80284,0.00522,0.195925,1
1460000001,-0.80384,0.00276,0.195965,1
1460200001,-0.80348,-0.00122,0.195895,1
1460400001,-0.80204,0.0033,0.19827,1
1460600001,-0.80408,0.00094,0.196,1
1460800001,-0.80548,0.00246,0.19378,1
1461000001,-0.80376,-0.00012,0.195195,1
1461200001,-0.80488,0.00232,0.19684,1
1461400001,-0.80512,0.00266,0.195865,1
1461600001,-0.80428,0.00154,0.19646,1
1461800001,-0.8042,0.0029,0.19541,1
1462000001,-0.80556,0.00392,0.193445,1
1462200001,-0.80428,0.00372,0.19374,1
1462400001,-0.804601,0.0094,0.19606,1
1462600001,-0.805881,0.01348,0.19464,1
1462800001,-0.807881,0.01116,0.19332,1
1463000001,-0.804283,0.01982,0.192545,1
1463200001,-0.803042,0.01428,0.195205,1
1463400001,-0.803563,0.01986,0.197235,1
1463600001,-0.801443,0.02086,0.1975,1
1463800001,-0.802122,0.0149,0.19711,1
1464000001,-0.804441,0.01114,0.19742,1
1464200001,-0.806962,0.01732,0.193475,1
1464400001,-0.804242,0.01444,0.19323,1
1464600001,-0.803842,0.0149,0.196995,1
1464800001,-0.800803,0.01788,0.198395,1
1465000001,-0.802643,0.01948,0.19707,1
1465200001,-0.806322,0.01504,0.19444,1
1465400001,-0.805482,0.01386,0.193825,1
1465600001,-0.802242,0.0162,0.197095,1
1465800001,-0.802922,0.0164,0.19719,1
1466000001,-0.804164,0.02182,0.198065,1
1466200001,-0.804722,0.01574,0.19451,1
1466400001,-0.807723,0.01956,0.194465,1
1466600001,-0.806484,0.02204,0.19257,1
1466800001,-0.807645,0.02526,0.193695,1.00001
1467000001,-0.808605,0.0258,0.192185,1.00001
1467200001,-0.809003,0.01922,0.192325,1
1467400001,-0.808683,0.01922,0.18981,1
1467600001,-0.806843,0.01912,0.192335,1
1467800001,-0.809685,0.02398,0.190825,1.00001
1468000001,-0.804046,0.02802,0.19268,1.00001
1468200001,-0.806006,0.02738,0.19575,1.00001
1468400001,-0.807163,0.02054,0.19337,1
1468600001,-0.807042,0.01372,0.193425,1
1468800001,-0.807441,0.00866,0.193475,1
1469000001,-0.808001,0.00836,0.191195,1
1469200001,-0.80572,0.00094,0.193805,1
1469400001,-0.80368,0.00552,0.195755,1
1469600001,-0.80952,0.00408,0.19279,1
1469800001,-0.80464,-0.00056,0.19402,1
1470000001,-0.8058,-0.00636,0.19544,1
1470200001,-0.802081,-0.01152,0.19516,1
1470400001,-0.804121,-0.01284,0.19501,1
1470600001,-0.803881,-0.0122,0.19603,1
1470800001,-0.805841,-0.00946,0.196805,1
1471000001,-0.80152,-0.00776,0.196325,1
1471200001,-0.80404,-0.00346,0.196585,1
1471400001,-0.80396,-0.00106,0.19729,1
1471600001,-0.80196,0.00238,0.19656,1
1471800001,-0.80464,0.00278,0.198,1
1472000001,-0.80428,0.00566,0.19517,1
1472200001,-0.8044,0.00326,0.19734,1
1472400001,-0.807601,0.00954,0.19442,1
1472600001,-0.804881,0.00972,0.194625,1
1472800001,-0.80576,0.00246,0.194385,1
1473000001,-0.80384,0.0021,0.19617,1
1473200001,-0.80492,-0.0027,0.19584,1
1473400001,-0.80492,-0.00588,0.194665,1
1473600001,-0.80308,-0.00648,0.19328,1
1473800001,-0.803201,-0.0108,0.19628,1
1474000001,-0.80636,-0.00642,0.195935,1
1474200001,-0.80324,-0.00488,0.195445,1
1474400001,-0.80312,-0.00508,0.19651,1
1474600001,-0.8056,-0.00594,0.194945,1
1474800001,-0.805,-8e-05,0.196075,1
1475000001,-0.8042,-0.00062,0.197435,1
1475200001,-0.806081,0.0103,0.19553,1
1475400001,-0.80664,0.00762,0.19312,1
1475600001,-0.80444,0.00558,0.1948,1
1475800001,-0.80476,0.00696,0.194705,1
1476000001,-0.801521,0.00956,0.19453,1
1476200001,-0.803281,0.0127,0.197075,1
1476400001,-0.803961,0.00926,0.19846,1
1476600001,-0.804641,0.00856,0.195115,1
1476800001,-0.805921,0.01146,0.194405,1
1477000001,-0.804642,0.01516,0.195965,1
1477200001,-0.803484,0.02164,0.19648,1
1477400001,-0.803564,0.023,0.19442,1.00001
1477600001,-0.804247,0.02946,0.194585,1.00001
1477800001,-0.802766,0.02822,0.19585,1.00001
1478000001,-0.802884,0.02296,0.197275,1.00001
1478200001,-0.803605,0.02594,0.196585,1.00001
1478400001,-0.804847,0.0292,0.194175,1.00001
1478600001,-0.806207,0.03046,0.195085,1.00001
1478800001,-0.805007,0.02946,0.19447,1.00001
1479000001,-0.809926,0.02682,0.19425,1.00001
1479200001,-0.807205,0.024,0.193425,1.00001
1479400001,-0.808125,0.02442,0.191265,1.00001
1479600001,-0.806644,0.02182,0.19316,1
1479800001,-0.807204,0.02092,0.192755,1
1480000001,-0.807323,0.01962,0.192755,1
1480200001,-0.806083,0.01796,0.192675,1
1480400001,-0.806561,0.0114,0.19275,1
1480600001,-0.803161,0.01058,0.195285,1
1480800001,-0.802081,0.0082,0.194555,1
1481000001,-0.804041,0.01322,0.197145,1
1481200001,-0.803282,0.01496,0.194435,1
1481400001,-0.806203,0.0182,0.19366,1
1481600001,-0.804044,0.02152,0.19293,1
1481800001,-0.804684,0.02262,0.193735,1.00001
1482000001,-0.806442,0.01574,0.19422,1
1482200001,-0.804642,0.01754,0.19519,1
1482400001,-0.804202,0.01708,0.194535,1
1482600001,-0.802721,0.0119,0.196715,1
1482800001,-0.804361,0.01108,0.196085,1
1483000001,-0.800841,0.01332,0.19841,1
1483200001,-0.801321,0.00844,0.1968,1
1483400001,-0.802722,0.01438,0.197515,1
1483600001,-0.803682,0.01734,0.19729,1
1483800001,-0.805521,0.01126,0.19548,1
1484000001,-0.805521,0.00998,0.19508,1
1484200001,-0.8042,0.00704,0.197425,1
1484400001,-0.804201,0.012,0.19746,1
1484600001,-0.804642,0.01396,0.19599,1
1484800001,-0.804164,0.02166,0.197175,1
1485000001,-0.803563,0.01772,0.195935,1
1485200001,-0.802364,0.02194,0.198895,1
1485400001,-0.803723,0.02012,0.197365,1
1485600001,-0.802802,0.0174,0.19545,1
1485800001,-0.802042,0.01694,0.198805,1
1486000001,-0.803602,0.01744,0.196725,1
1486200001,-0.802763,0.01822,0.198145,1
1486400001,-0.801883,0.02054,0.19711,1
1486600001,-0.805082,0.0145,0.19718,1
1486800001,-0.804563,0.01884,0.194315,1
1487000001,-0.805042,0.0169,0.193305,1
1487200001,-0.805122,0.01674,0.19441,1
1487400001,-0.806242,0.01692,0.193835,1
1487600001,-0.805121,0.01242,0.191235,1
1487800001,-0.805122,0.01638,0.19421,1
1488000001,-0.804003,0.01894,0.19548,1
1488200001,-0.806722,0.01618,0.19359,1
1488400001,-0.804444,0.02166,0.19479,1
1488600001,-0.805044,0.02212,0.196855,1
1488800001,-0.805407,0.02878,0.193765,1.00001
1489000001,-0.801885,0.02382,0.19589,1.00001
1489200001,-0.803285,0.02518,0.19676,1.00001
1489400001,-0.807646,0.0267,0.19461,1.00001
1489600001,-0.806484,0.02354,0.19324,1.00001
1489800001,-0.804485,0.0238,0.195455,1.00001
1490000001,-0.804405,0.0238,0.19447,1.00001
1490200001,-0.803242,0.0169,0.194785,1
1490400001,-0.803283,0.02068,0.195215,1
1490600001,-0.804641,0.01292,0.1952,1
1490800001,-0.806001,0.01192,0.19582,1
1491000001,-0.805682,0.01396,0.19279,1
1491200001,-0.802561,0.00896,0.19659,1
1491400001,-0.80296,0.00754,0.194785,1
1491600001,-0.806561,0.009,0.195105,1
1491800001,-0.80636,0.00522,0.193985,1
1492000001,-0.80556,-0.00048,0.196295,1
1492200001,-0.80292,0.00202,0.196105,1
1492400001,-0.80476,0.00174,0.19583,1
1492600001,-0.8028,0.00216,0.196745,1
1492800001,-0.80272,0.00144,0.19574,1
1493000001,-0.800961,0.00936,0.19762,1
1493200001,-0.802921,0.0087,0.196285,1
1493400001,-0.80184,0.00704,0.195965,1
1493600001,-0.80452,0.0038,0.19552,1
1493800001,-0.80264,-0.00042,0.197425,1
1494000001,-0.804721,-0.00886,0.19438,1
1494200001,-0.804121,-0.00836,0.195995,1
1494400001,-0.80344,-0.00704,0.19489,1
1494600001,-0.803361,-0.01152,0.19737,1
1494800001,-0.802842,-0.01626,0.194705,1
1495000001,-0.805842,-0.01704,0.196065,1
1495200001,-0.802801,-0.01358,0.195925,1
1495400001,-0.80304,-0.00598,0.19687,1
1495600001,-0.8036,-0.0073,0.19523,1
1495800001,-0.802041,-0.00798,0.19777,1
1496000001,-0.803001,-0.00864,0.196435,1
1496200001,-0.80368,-0.00648,0.19785,1
1496400001,-0.80528,-0.00748,0.19683,1
1496600001,-0.80236,-0.00544,0.19563,1
1496800001,-0.8046,-0.00346,0.196115,1
1497000001,-0.80424,0.00134,0.19551,1
1497200001,-0.80452,-0.00456,0.195585,1
1497400001,-0.806841,-0.00912,0.19343,1
1497600001,-0.805801,-0.01294,0.193855,1
1497800001,-0.806561,-0.01158,0.19478,1
1498000001,-0.804481,-0.01146,0.19726,1
1498200001,-0.805925,-0.02402,0.1956,1.00001
1498400001,-0.802848,-0.031,0.196115,1.00001
1498600001,-0.805486,-0.0274,0.1954,1.00001
1498800001,-0.805566,-0.02704,0.19511,1.00001
1499000001,-0.805526,-0.02832,0.19366,1.00001
1499200001,-0.802566,-0.02796,0.19543,1.00001
1499400001,-0.801928,-0.0324,0.19855,1.00001
1499600001,-0.80237,-0.03504,0.19735,1.00001
1499800001,-0.804287,-0.02894,0.195855,1.00001
1500000001,-0.805326,-0.02678,0.19613,1.00001
1500200001,-0.806204,-0.02178,0.19435,1
1500400001,-0.805882,-0.01718,0.19627,1
1500600001,-0.807521,-0.01132,0.193255,1
1500800001,-0.808081,-0.01236,0.1929,1
1501000001,-0.80732,-0.00768,0.19145,1
1501200001,-0.80772,-0.0045,0.192655,1
1501400001,-0.80584,-0.00308,0.192785,1
1501600001,-0.80676,-0.00464,0.19439,1
1501800001,-0.80732,-0.0075,0.191205,1
1502000001,-0.806641,-0.01124,0.191315,1
1502200001,-0.806121,-0.00988,0.19257,1
1502400001,-0.803161,-0.00812,0.19579,1
1502600001,-0.805482,-0.01378,0.195235,1
1502800001,-0.803322,-0.0158,0.195855,1
1503000001,-0.805922,-0.0144,0.19675,1
1503200001,-0.804961,-0.01008,0.19394,1
1503400001,-0.805321,-0.01108,0.19411,1
1503600001,-0.807921,-0.0093,0.193465,1
1503800001,-0.80696,-0.00554,0.19322,1
1504000001,-0.806601,-0.00788,0.194035,1
1504200001,-0.806801,-0.00868,0.19557,1
1504400001,-0.80396,-0.00072,0.19447,1
1504600001,-0.80468,-0.00554,0.196765,1
1504800001,-0.80476,-0.00564,0.197645,1
1505000001,-0.802961,-0.0079,0.195825,1
1505200001,-0.80668,-0.00664,0.196165,1
1505400001,-0.80656,-0.00364,0.19336,1
1505600001,-0.80596,-0.00162,0.191315,1
1505800001,-0.80496,-0.00016,0.192625,1
1506000001,-0.806,-0.00198,0.194435,1
1506200001,-0.80324,-0.00342,0.19521,1
1506400001,-0.805001,-0.00826,0.1953,1
1506600001,-0.80712,-0.00602,0.19385,1
1506800001,-0.807121,-0.00808,0.192255,1
1507000001,-0.806041,-0.01352,0.19192,1
1507200001,-0.804561,-0.01,0.19525,1
1507400001,-0.802162,-0.01674,0.195925,1
1507600001,-0.803562,-0.01722,0.19741,1
1507800001,-0.806201,-0.0106,0.197135,1
1508000001,-0.80764,-0.00272,0.19386,1
1508200001,-0.80532,-0.00678,0.192015,1
1508400001,-0.80816,-0.00106,0.19364,1
1508600001,-0.80844,-0.0064,0.191455,1
1508800001,-0.80876,-0.00696,0.1906,1
1509000001,-0.80828,0.00028,0.19279,1
1509200001,-0.80768,0.00342,0.192685,1
1509400001,-0.80436,0.00158,0.19579,1
1509600001,-0.80596,0.00418,0.19466,1
1509800001,-0.80672,0.00106,0.19449,1
1510000001,-0.80184,0.0003,0.19562,1
1510200001,-0.80716,0.00278,0.19602,1
1510400001,-0.80436,0.00336,0.195265,1
1510600001,-0.8026,0.00308,0.19784,1
1510800001,-0.80456,-0.00428,0.19511,1
1511000001,-0.80392,-0.00612,0.19436,1
1511200001,-0.80488,-0.00402,0.195565,1
1511400001,-0.805,-0.00718,0.19755,1
1511600001,-0.80708,-0.00406,0.19301,1
1511800001,-0.8042,-0.00652,0.193665,1
1512000001,-0.80392,-0.00218,0.197055,1
1512200001,-0.80356,-0.00158,0.19584,1
1512400001,-0.80244,-0.00224,0.196885,1
1512600001,-0.80324,-0.00312,0.19945,1
1512800001,-0.80332,0.00022,0.197075,1
1513000001,-0.80088,-0.00418,0.19728,1
1513200001,-0.802121,-0.01158,0.19859,1
1513400001,-0.799281,-0.00974,0.19839,1
1513600001,-0.803041,-0.01092,0.197155,1
1513800001,-0.806441,-0.00982,0.195075,1
1514000001,-0.806241,-0.0121,0.19498,1
1514200001,-0.804161,-0.0112,0.196095,1
1514400001,-0.802122,-0.01734,0.196625,1
1514600001,-0.804562,-0.01452,0.195605,1
1514800001,-0.805161,-0.01352,0.1946,1
1515000001,-0.803441,-0.00804,0.19432,1
1515200001,-0.80492,-0.00362,0.195865,1
1515400001,-0.80464,0.00106,0.19481,1
1515600001,-0.80436,0.00072,0.195085,1
1515800001,-0.80504,-0.00024,0.19582,1
1516000001,-0.80452,-0.00088,0.19444,1
1516200001,-0.80412,-0.00212,0.19503,1
1516400001,-0.8064,-0.00228,0.19443,1
1516600001,-0.8088,0.00232,0.19207,1
1516800001,-0.80392,-0.00154,0.194325,1
1517000001,-0.80468,0.00268,0.193785,1
1517200001,-0.804,0.00396,0.1944,1
1517400001,-0.8066,0.00106,0.194095,1
1517600001,-0.80536,-0.00236,0.192925,1
1517800001,-0.80552,-0.00742,0.194925,1
1518000001,-0.803921,-0.01324,0.194885,1
1518200001,-0.806601,-0.01276,0.19481,1
1518400001,-0.807521,-0.0117,0.195265,1
1518600001,-0.80748,-0.00452,0.191925,1
1518800001,-0.80456,-0.0064,0.19565,1
1519000001,-0.805201,-0.00974,0.195495,1
1519200001,-0.806121,-0.0092,0.194735,1
1519400001,-0.80332,-0.0056,0.19375,1
1519600001,-0.805441,-0.00802,0.195735,1
1519800001,-0.80456,-0.00552,0.195495,1
1520000001,-0.80576,-0.00204,0.19557,1
1520200001,-0.8024,0.00108,0.19741,1
1520400001,-0.80196,-0.002,0.1965,1
1520600001,-0.80336,0.00396,0.19689,1
1520800001,-0.80412,0.00076,0.19685,1
1521000001,-0.805,0.00168,0.19792,1
1521200001,-0.8052,-0.00678,0.193755,1
1521400001,-0.804881,-0.01064,0.194005,1
1521600001,-0.80176,-0.00778,0.197155,1
1521800001,-0.801721,-0.00972,0.196035,1
1522000001,-0.800641,-0.00976,0.19846,1
1522200001,-0.801961,-0.01322,0.197165,1
1522400001,-0.803283,-0.01988,0.195915,1
1522600001,-0.802683,-0.02034,0.197355,1
1522800001,-0.804722,-0.01544,0.195775,1
1523000001,-0.803601,-0.01268,0.19409,1
1523200001,-0.806361,-0.00996,0.1945,1
1523400001,-0.805881,-0.00974,0.193395,1
1523600001,-0.804681,-0.00966,0.19348,1
1523800001,-0.804841,-0.01164,0.196185,1
1524000001,-0.80636,-0.00608,0.19377,1
1524200001,-0.805041,-0.01018,0.193995,1
1524400001,-0.803881,-0.00848,0.196765,1
1524600001,-0.80296,-0.00682,0.195295,1
1524800001,-0.80596,-0.00456,0.195705,1
1525000001,-0.80588,-0.00568,0.19413,1
1525200001,-0.80504,-0.00244,0.19408,1
1525400001,-0.80644,0.00336,0.19375,1
1525600001,-0.80324,-0.0011,0.195135,1
1525800001,-0.80156,-0.00152,0.198115,1
1526000001,-0.80256,-0.00324,0.19584,1
1526200001,-0.803521,-0.01038,0.195785,1
1526400001,-0.80348,-0.00616,0.196255,1
1526600001,-0.80484,-0.00172,0.19525,1
1526800001,-0.80216,-0.00146,0.195275,1
1527000001,-0.8034,0.0025,0.19651,1
1527200001,-0.80244,0.00178,0.19679,1
1527400001,-0.80192,0.00514,0.19645,1
1527600001,-0.801441,0.008,0.199465,1
1527800001,-0.79984,0.00642,0.198295,1
1528000001,-0.80028,-0.0017,0.19903,1
1528200001,-0.80104,-0.00268,0.198125,1
1528400001,-0.80304,0.00016,0.19653,1
1528600001,-0.8024,0.00494,0.198745,1
1528800001,-0.8024,0.00482,0.19846,1
1529000001,-0.80272,0.0048,0.196435,1
1529200001,-0.8048,0.003,0.19793,1
1529400001,-0.80108,0.00542,0.199575,1
1529600001,-0.80008,0.00598,0.19872,1
1529800001,-0.800361,0.00886,0.19943,1
1530000001,-0.80384,0.0075,0.1964,1
1530200001,-0.80328,0.00626,0.19605,1
1530400001,-0.80584,0.00618,0.19409,1
1530600001,-0.80452,0.00566,0.19452,1
1530800001,-0.806161,0.00804,0.192495,1
1531000001,-0.805801,0.01098,0.193295,1
1531200001,-0.801761,0.0115,0.19531,1
1531400001,-0.803763,0.02014,0.19364,1
1531600001,-0.804041,0.01072,0.193815,1
1531800001,-0.80328,0.00418,0.195225,1
1532000001,-0.8022,-0.00012,0.197005,1
1532200001,-0.800961,-0.01158,0.196645,1
1532400001,-0.801281,-0.01222,0.19581,1
1532600001,-0.803561,-0.0093,0.19712,1
1532800001,-0.802881,-0.01028,0.196015,1
1533000001,-0.80244,-0.00762,0.199745,1
1533200001,-0.803881,-0.01066,0.19906,1
1533400001,-0.801121,-0.0097,0.19804,1
1533600001,-0.804721,-0.0104,0.195285,1
1533800001,-0.802,-0.00534,0.196575,1
1534000001,-0.80388,-0.00502,0.19715,1
1534200001,-0.80308,-0.00454,0.19735,1
1534400001,-0.80688,-0.00346,0.19377,1
1534600001,-0.80644,-0.00512,0.193155,1
1534800001,-0.80424,-0.00602,0.195225,1
1535000001,-0.80348,-0.00666,0.19478,1
1535200001,-0.8046,-0.00026,0.19611,1
1535400001,-0.80372,-0.0031,0.19599,1
1535600001,-0.805521,-0.00804,0.196305,1
1535800001,-0.8042,-0.003,0.19583,1
1536000001,-0.80364,0.00124,0.19639,1
1536200001,-0.80604,0.00474,0.195215,1
1536400001,-0.80384,0.0074,0.196955,1
1536600001,-0.8044,0.00384,0.19557,1
1536800001,-0.802361,0.00886,0.195735,1
1537000001,-0.8056,0.00742,0.1953,1
1537200001,-0.80296,0.00334,0.19545,1
1537400001,-0.80412,0.00168,0.196415,1
1537600001,-0.8054,0.00078,0.196055,1
1537800001,-0.805,-0.0048,0.194415,1
1538000001,-0.802961,-0.01018,0.194655,1
1538200001,-0.80352,-0.00742,0.19689,1
1538400001,-0.802801,-0.00822,0.19795,1
1538600001,-0.802201,-0.01228,0.195725,1
1538800001,-0.804083,-0.0187,0.195285,1
1539000001,-0.801522,-0.01598,0.19855,1
1539200001,-0.801842,-0.0146,0.198685,1
1539400001,-0.803721,-0.01126,0.195945,1
1539600001,-0.807041,-0.0127,0.19533,1
1539800001,-0.807322,-0.01468,0.192295,1
1540000001,-0.807161,-0.00872,0.19309,1
1540200001,-0.80364,-0.00348,0.19393,1
1540400001,-0.80012,-0.00306,0.197005,1
1540600001,-0.802681,-0.0085,0.19927,1
1540800001,-0.80316,-0.00756,0.197205,1
1541000001,-0.8012,0.00278,0.196955,1
1541200001,-0.80056,0.00278,0.19935,1
1541400001,-0.80572,-0.00204,0.196235,1
1541600001,-0.80504,-0.00334,0.194315,1
1541800001,-0.8034,0.00116,0.193255,1
1542000001,-0.8064,0.00444,0.19303,1
1542200001,-0.80292,0.00268,0.1952,1
1542400001,-0.80568,0.00254,0.197065,1
1542600001,-0.80388,-0.00304,0.194525,1
1542800001,-0.80272,-0.00688,0.19552,1
1543000001,-0.80356,-0.00786,0.196815,1
1543200001,-0.80216,-0.00676,0.197305,1
1543400001,-0.80016,-0.00162,0.197885,1
1543600001,-0.80152,-0.00664,0.199805,1
1543800001,-0.807,-0.0059,0.195815,1
1544000001,-0.8054,-0.00114,0.19327,1
1544200001,-0.80732,0.00142,0.19569,1
1544400001,-0.80376,0.00354,0.19386,1
1544600001,-0.80516,0.00262,0.19457,1
1544800001,-0.80308,0.00552,0.195465,1
1545000001,-0.805961,0.00934,0.194715,1
1545200001,-0.805761,0.01234,0.19306,1
1545400001,-0.804521,0.00936,0.194685,1
1545600001,-0.805881,0.00788,0.19476,1
1545800001,-0.805321,0.0082,0.19393,1
1546000001,-0.80272,0.00444,0.19557,1
1546200001,-0.80384,0.00732,0.19733,1
1546400001,-0.805921,0.00962,0.194275,1
1546600001,-0.804521,0.01152,0.197045,1
1546800001,-0.802721,0.0121,0.195125,1
1547000001,-0.803922,0.01466,0.19722,1
1547200001,-0.805123,0.0182,0.195635,1
1547400001,-0.804562,0.01534,0.195105,1
1547600001,-0.803281,0.01124,0.195085,1
1547800001,-0.803362,0.01456,0.19857,1
1548000001,-0.803243,0.01976,0.1971,1
1548200001,-0.805525,0.02596,0.19446,1.00001
1548400001,-0.804687,0.02884,0.19403,1.00001
1548600001,-0.804564,0.02318,0.195165,1.00001
1548800001,-0.807444,0.02164,0.192215,1
1549000001,-0.805683,0.01978,0.191625,1
1549200001,-0.804843,0.02,0.194525,1
1549400001,-0.802721,0.01268,0.19379,1
1549600001,-0.802122,0.01444,0.19769,1
1549800001,-0.804202,0.01492,0.19711,1
1550000001,-0.804643,0.0199,0.195825,1
1550200001,-0.802643,0.01836,0.195915,1
1550400001,-0.806202,0.01428,0.19668,1
1550600001,-0.806561,0.00938,0.193905,1
1550800001,-0.804362,0.01512,0.194095,1
1551000001,-0.803721,0.01096,0.19617,1
1551200001,-0.803481,0.01062,0.196725,1
1551400001,-0.80104,0.0075,0.19735,1
1551600001,-0.802841,0.01344,0.197515,1
1551800001,-0.803001,0.0122,0.19682,1
1552000001,-0.803962,0.0138,0.19647,1
1552200001,-0.803962,0.01628,0.19669,1
1552400001,-0.799762,0.01532,0.19614,1
1552600001,-0.801402,0.01622,0.197895,1
1552800001,-0.802521,0.0095,0.198,1
1553000001,-0.802401,0.01178,0.19827,1
1553200001,-0.803802,0.01546,0.19591,1
1553400001,-0.801001,0.01072,0.196265,1
1553600001,-0.803442,0.01426,0.198115,1
1553800001,-0.803601,0.00954,0.19818,1
1554000001,-0.8036,0.00774,0.19827,1
1554200001,-0.8062,0.00414,0.19517,1
1554400001,-0.805081,0.01152,0.194055,1
1554600001,-0.805242,0.01522,0.194505,1
1554800001,-0.803481,0.0119,0.19419,1
1555000001,-0.806081,0.01146,0.19343,1
1555200001,-0.803041,0.011,0.197145,1
1555400001,-0.805441,0.01056,0.19477,1
1555600001,-0.8038,0.00348,0.1963,1
1555800001,-0.80404,0.00482,0.195225,1
1556000001,-0.8042,0.00044,0.196085,1
1556200001,-0.80328,0.00116,0.19551,1
1556400001,-0.80528,0.00186,0.194335,1
1556600001,-0.80564,0.00278,0.19577,1
1556800001,-0.80444,0.00142,0.19297,1
1557000001,-0.8064,0.00184,0.194545,1
1557200001,-0.80416,-0.00384,0.19621,1
1557400001,-0.80316,-0.00334,0.196855,1
1557600001,-0.80228,-0.00458,0.19622,1
1557800001,-0.8022,0.00132,0.196225,1
1558000001,-0.8034,-0.00236,0.1957,1
1558200001,-0.80196,-0.00296,0.19756,1
1558400001,-0.80388,-0.00144,0.19659,1
1558600001,-0.80336,-0.00714,0.196415,1
1558800001,-0.803681,-0.00936,0.195225,1
1559000001,-0.804561,-0.0117,0.195625,1
1559200001,-0.808881,-0.00996,0.193075,1
1559400001,-0.80496,-0.00754,0.194865,1
1559600001,-0.8066,-0.00346,0.19568,1
1559800001,-0.80584,-0.00588,0.193185,1
1560000001,-0.80492,-0.00678,0.194255,1
1560200001,-0.80544,-0.0066,0.196115,1
1560400001,-0.80424,-0.00394,0.196705,1
1560600001,-0.80544,-0.00496,0.195665,1
1560800001,-0.806001,-0.00834,0.193995,1
1561000001,-0.807121,-0.01088,0.195165,1
1561200001,-0.807201,-0.01004,0.19208,1
1561400001,-0.805641,-0.00884,0.19354,1
1561600001,-0.80584,-0.00724,0.19355,1
1561800001,-0.805641,-0.01154,0.194195,1
1562000001,-0.807161,-0.00872,0.193115,1
1562200001,-0.805281,-0.01096,0.19374,1
1562400001,-0.803401,-0.01122,0.195185,1
1562600001,-0.805802,-0.0142,0.196395,1
1562800001,-0.806801,-0.0135,0.194445,1
1563000001,-0.805761,-0.01312,0.194675,1
1563200001,-0.802921,-0.01178,0.196205,1
1563400001,-0.80224,-0.002,0.197535,1
1563600001,-0.80332,-0.00458,0.197195,1
1563800001,-0.802561,-0.00884,0.197445,1
1564000001,-0.80528,-0.00776,0.19717,1
1564200001,-0.80608,-0.00468,0.19479,1
1564400001,-0.80412,-0.00038,0.194565,1
1564600001,-0.80712,-0.00492,0.194635,1
1564800001,-0.806961,-0.00876,0.19294,1
1565000001,-0.807121,-0.0095,0.193985,1
1565200001,-0.809,-0.00404,0.192385,1
1565400001,-0.80936,-0.00234,0.190255,1
1565600001,-0.807401,-0.0103,0.19318,1
1565800001,-0.804402,-0.01398,0.19444,1
1566000001,-0.803761,-0.01332,0.198075,1
1566200001,-0.802881,-0.01134,0.194505,1
1566400001,-0.806361,-0.0109,0.19643,1
1566600001,-0.804841,-0.00982,0.19372,1
1566800001,-0.804001,-0.01042,0.19357,1
1567000001,-0.80452,-0.005,0.197195,1
1567200001,-0.80224,-0.00708,0.19799,1
1567400001,-0.803121,-0.00914,0.198305,1
1567600001,-0.801161,-0.01118,0.1972,1
1567800001,-0.7978,-0.00762,0.19861,1
1568000001,-0.796961,-0.01116,0.200945,1
1568200001,-0.800041,-0.01002,0.198235,1
1568400001,-0.802881,-0.00982,0.19601,1
1568600001,-0.804241,-0.0082,0.196825,1
1568800001,-0.804081,-0.00928,0.19547,1
1569000001,-0.803961,-0.01052,0.19443,1
1569200001,-0.804201,-0.00826,0.194945,1
1569400001,-0.804321,-0.00896,0.195085,1
1569600001,-0.80552,-0.00688,0.1965,1
1569800001,-0.8024,-0.00646,0.196575,1
1570000001,-0.80452,-0.00316,0.195765,1
1570200001,-0.80548,-0.00424,0.19354,1
1570400001,-0.80728,-0.00282,0.192445,1
1570600001,-0.80496,-0.00358,0.19327,1
1570800001,-0.80568,-0.0027,0.19365,1
1571000001,-0.80408,-0.00408,0.195055,1
1571200001,-0.80732,-0.00404,0.19508,1
1571400001,-0.80844,-0.00596,0.19241,1
1571600001,-0.80912,0.0002,0.19473,1
1571800001,-0.80656,-0.0009,0.192295,1
1572000001,-0.80724,0.00076,0.191675,1
1572200001,-0.80608,0.00398,0.193405,1
1572400001,-0.80304,0.00032,0.196465,1
1572600001,-0.80452,-0.00786,0.196005,1
1572800001,-0.803761,-0.00836,0.196235,1
1573000001,-0.80396,-0.00552,0.19542,1
1573200001,-0.80668,-0.00596,0.19233,1
1573400001,-0.807881,-0.01084,0.19514,1
1573600001,-0.80984,-0.00238,0.192545,1
1573800001,-0.80704,-0.00438,0.1914,1
1574000001,-0.80696,-0.00766,0.19091,1
1574200001,-0.80416,-0.00364,0.193495,1
1574400001,-0.80616,-0.00308,0.19481,1
1574600001,-0.80308,-0.00054,0.192975,1
1574800001,-0.80192,0.00452,0.197205,1
1575000001,-0.8028,0.00286,0.196415,1
1575200001,-0.80472,0.00244,0.195745,1
1575400001,-0.80436,0.00514,0.196625,1
1575600001,-0.80324,-0.00314,0.19606,1
1575800001,-0.8046,-0.00278,0.19718,1
1576000001,-0.80352,-0.00656,0.196485,1
1576200001,-0.80316,4e-05,0.19595,1
1576400001,-0.80464,0.00056,0.19696,1
1576600001,-0.80516,-0.00618,0.194665,1
1576800001,-0.80292,-0.0032,0.195875,1
1577000001,-0.80584,-0.00092,0.19567,1
1577200001,-0.8062,-0.00126,0.192865,1
1577400001,-0.80408,-0.00014,0.19386,1
1577600001,-0.8034,0.00392,0.195315,1
1577800001,-0.80568,0.0029,0.197465,1
1578000001,-0.80524,-0.00212,0.194785,1
1578200001,-0.804641,-0.01056,0.19395,1
1578400001,-0.803321,-0.01182,0.196355,1
1578600001,-0.801842,-0.01386,0.19632,1
1578800001,-0.806201,-0.01168,0.196975,1
1579000001,-0.804841,-0.01004,0.19503,1
1579200001,-0.806441,-0.0096,0.19183,1
1579400001,-0.80636,0.00016,0.19436,1
1579600001,-0.80452,-0.00134,0.194275,1
1579800001,-0.804881,-0.0081,0.19607,1
1580000001,-0.804241,-0.01082,0.19886,1
1580200001,-0.802481,-0.00812,0.194745,1
1580400001,-0.804482,-0.0145,0.195835,1
1580600001,-0.804322,-0.01484,0.196765,1
1580800001,-0.804001,-0.0109,0.195125,1
1581000001,-0.803561,-0.01328,0.196835,1
1581200001,-0.801601,-0.00918,0.195935,1
1581400001,-0.801722,-0.01534,0.19632,1
1581600001,-0.803041,-0.00966,0.19541,1
1581800001,-0.806841,-0.00974,0.19659,1
1582000001,-0.80356,-0.00182,0.19647,1
1582200001,-0.805,0.0006,0.196515,1
1582400001,-0.80536,-0.00194,0.195785,1
1582600001,-0.80212,-0.00524,0.194705,1
1582800001,-0.8006,-0.00524,0.19614,1
1583000001,-0.80576,-0.00302,0.196845,1
1583200001,-0.8056,-0.0018,0.193765,1
1583400001,-0.80284,0.00526,0.195205,1
1583600001,-0.80336,0.0051,0.1963,1
1583800001,-0.80268,0.00144,0.196785,1
1584000001,-0.80284,-0.00076,0.19524,1
1584200001,-0.8024,-0.00468,0.19687,1
1584400001,-0.80576,-0.0043,0.196005,1
1584600001,-0.80444,-0.00216,0.195555,1
1584800001,-0.80524,0.0017,0.195115,1
1585000001,-0.80676,0.00308,0.193685,1
1585200001,-0.80556,0.00268,0.19524,1
1585400001,-0.8042,0.004,0.19496,1
1585600001,-0.8056,0.00492,0.19365,1
1585800001,-0.80496,0.00636,0.19679,1
1586000001,-0.8058,0.00664,0.19407,1
1586200001,-0.807761,0.01264,0.1926,1
1586400001,-0.804601,0.00898,0.194985,1
1586600001,-0.802761,0.01284,0.195215,1
1586800001,-0.80452,0.00462,0.194685,1
1587000001,-0.80472,0.00578,0.19342,1
1587200001,-0.804121,0.011,0.194535,1
1587400001,-0.804682,0.01568,0.19626,1
1587600001,-0.802482,0.01546,0.195015,1
1587800001,-0.803402,0.01638,0.19745,1
1588000001,-0.803041,0.01274,0.19757,1
1588200001,-0.8048,0.0075,0.19563,1
1588400001,-0.80812,0.00264,0.194835,1
1588600001,-0.80356,0.00016,0.19322,1
1588800001,-0.80116,0.00324,0.19571,1
1589000001,-0.80168,0.00746,0.197095,1
1589200001,-0.803442,0.01676,0.197115,1
1589400001,-0.801684,0.0212,0.19654,1
1589600001,-0.803163,0.02036,0.19614,1
1589800001,-0.802602,0.01662,0.195325,1
1590000001,-0.804403,0.01912,0.196095,1
1590200001,-0.803843,0.0207,0.196405,1
1590400001,-0.803526,0.02764,0.196425,1.00001
1590600001,-0.806247,0.02944,0.19447,1.00001
1590800001,-0.804569,0.0331,0.194915,1.00001
1591000001,-0.80549,0.03576,0.197205,1.00001
1591200001,-0.803648,0.0319,0.194575,1.00001
1591400001,-0.805446,0.02734,0.19369,1.00001
1591600001,-0.807006,0.02654,0.19602,1.00001
1591800001,-0.806888,0.03062,0.19422,1.00001
1592000001,-0.807805,0.02558,0.19209,1.00001
1592200001,-0.806043,0.01914,0.19282,1
1592400001,-0.803564,0.02128,0.195695,1
1592600001,-0.803562,0.01388,0.19547,1
1592800001,-0.805241,0.01296,0.1967,1
1593000001,-0.802401,0.0106,0.19558,1
1593200001,-0.800761,0.009,0.19755,1
1593400001,-0.80468,0.00566,0.199515,1
1593600001,-0.80516,0.00424,0.196715,1
1593800001,-0.80524,0.005,0.1962,1
1594000001,-0.80576,0.00542,0.193595,1
1594200001,-0.80288,0.0032,0.196415,1
1594400001,-0.80504,0.004,0.19782,1
1594600001,-0.8038,0.0043,0.195735,1
1594800001,-0.806601,0.00806,0.19498,1
1595000001,-0.804161,0.01026,0.19268,1
1595200001,-0.804001,0.00808,0.197355,1
1595400001,-0.803881,0.009,0.19714,1
1595600001,-0.805681,0.00806,0.195185,1
1595800001,-0.80308,0.00684,0.195155,1
1596000001,-0.80288,0.00652,0.19674,1
1596200001,-0.805041,0.0081,0.195355,1
1596400001,-0.804441,0.01318,0.1944,1
1596600001,-0.804121,0.01174,0.19657,1
1596800001,-0.801961,0.01218,0.19543,1
1597000001,-0.80216,0.00784,0.198395,1
1597200001,-0.803761,0.008,0.19531,1
1597400001,-0.798761,0.01166,0.199485,1
1597600001,-0.80152,0.00774,0.19921,1
1597800001,-0.803681,0.01158,0.19982,1
1598000001,-0.806081,0.01084,0.195345,1
1598200001,-0.808201,0.00808,0.19251,1
1598400001,-0.806801,0.00788,0.1927,1
1598600001,-0.806681,0.00792,0.19467,1
1598800001,-0.802521,0.00818,0.195405,1
1599000001,-0.806241,0.00896,0.196375,1
1599200001,-0.803481,0.00868,0.19521,1
1599400001,-0.80364,0.0021,0.195405,1
1599600001,-0.8026,0.00232,0.195355,1
1599800001,-0.80396,-0.00178,0.196305,1
1600000001,-0.80488,-0.00464,0.195645,1
1600200001,-0.80096,-0.0049,0.196925,1
1600400001,-0.80172,-0.0065,0.19833,1
1600600001,-0.801361,-0.00994,0.1991,1
1600800001,-0.79872,-0.00576,0.198615,1
1601000001,-0.80176,-0.00744,0.19999,1
1601200001,-0.79972,-0.00702,0.197695,1
1601400001,-0.79896,-0.00642,0.20079,1
1601600001,-0.800601,-0.01238,0.20064,1
1601800001,-0.800521,-0.01304,0.198665,1
1602000001,-0.801321,-0.01222,0.198665,1
1602200001,-0.802362,-0.01474,0.19678,1
1602400001,-0.803401,-0.01042,0.19731,1
1602600001,-0.803722,-0.01436,0.198595,1
1602800001,-0.802444,-0.02114,0.197875,1
1603000001,-0.802524,-0.0212,0.197075,1
1603200001,-0.801682,-0.0161,0.198015,1
1603400001,-0.803402,-0.01398,0.19508,1
1603600001,-0.80264,-0.00524,0.193825,1
1603800001,-0.80484,-0.0038,0.19684,1
1604000001,-0.80176,-0.00428,0.19645,1
1604200001,-0.80048,-0.00444,0.19958,1
1604400001,-0.80376,-0.00758,0.196635,1
1604600001,-0.80528,0.00126,0.19697,1
1604800001,-0.80584,-0.00246,0.19641,1
1605000001,-0.80412,-1.25971e-17,0.194235,1
1605200001,-0.80316,0.0036,0.19704,1
1605400001,-0.80572,0.00132,0.19434,1
1605600001,-0.80312,-0.00714,0.195315,1
1605800001,-0.805241,-0.01204,0.194125,1
1606000001,-0.805801,-0.01258,0.196285,1
1606200001,-0.80428,-0.00778,0.19501,1
1606400001,-0.80256,-0.00318,0.1974,1
1606600001,-0.803161,-0.00842,0.1952,1
1606800001,-0.8016,-0.00432,0.198525,1
1607000001,-0.80344,-0.00502,0.196585,1
1607200001,-0.80652,-0.00366,0.19462,1
1607400001,-0.80588,-0.00562,0.19294,1
1607600001,-0.805481,-0.00824,0.194015,1
1607800001,-0.805481,-0.0081,0.194685,1
1608000001,-0.80456,-0.00714,0.19618,1
1608200001,-0.8044,-0.00686,0.19585,1
1608400001,-0.80492,-0.00182,0.19367,1
1608600001,-0.80352,-0.00522,0.19795,1
1608800001,-0.80448,-0.0041,0.19417,1
1609000001,-0.805321,-0.00916,0.193495,1
1609200001,-0.805881,-0.0129,0.192445,1
1609400001,-0.803921,-0.00978,0.19466,1
1609600001,-0.8064,-0.00638,0.19316,1
1609800001,-0.80416,-0.00106,0.19362,1
1610000001,-0.80616,-0.00044,0.195815,1
1610200001,-0.80556,-0.0009,0.194335,1
1610400001,-0.80612,0.00538,0.19631,1
1610600001,-0.80832,-0.00162,0.19166,1
1610800001,-0.80832,-0.00226,0.19205,1
1611000001,-0.80392,0.002,0.194945,1
1611200001,-0.80516,0.00624,0.19438,1
1611400001,-0.804281,0.00908,0.19632,1
1611600001,-0.80468,0.00772,0.19362,1
1611800001,-0.8054,0.00566,0.193895,1
1612000001,-0.8028,0.00672,0.196775,1
1612200001,-0.804361,0.00944,0.19655,1
1612400001,-0.805201,0.01124,0.19541,1
1612600001,-0.807241,0.01268,0.19355,1
1612800001,-0.80796,0.00312,0.19229,1
1613000001,-0.80568,0.0042,0.19318,1
1613200001,-0.805961,0.00806,0.195445,1
1613400001,-0.80356,0.0044,0.196125,1
1613600001,-0.8018,-0.00092,0.1964,1
1613800001,-0.80476,-0.00542,0.198305,1
1614000001,-0.804601,-0.00994,0.19606,1
1614200001,-0.80688,-0.0066,0.196245,1
1614400001,-0.80488,-0.00764,0.19608,1
1614600001,-0.80428,-0.00656,0.19581,1
1614800001,-0.80536,-0.00534,0.195855,1
1615000001,-0.80204,-0.00604,0.195405,1
1615200001,-0.80448,-0.0031,0.197765,1
1615400001,-0.80336,-0.00646,0.19663,1
1615600001,-0.805921,-0.00788,0.195025,1
1615800001,-0.80696,-0.00446,0.194805,1
1616000001,-0.805921,-0.01084,0.194115,1
1616200001,-0.805841,-0.01042,0.193495,1
1616400001,-0.805521,-0.0123,0.1961,1
1616600001,-0.80484,-0.0056,0.193015,1
1616800001,-0.8046,-0.00256,0.1955,1
1617000001,-0.80728,-0.0027,0.195175,1
1617200001,-0.804281,-0.00906,0.19526,1
1617400001,-0.806841,-0.01244,0.194595,1
1617600001,-0.804681,-0.01174,0.195065,1
1617800001,-0.80644,-0.0063,0.19343,1
1618000001,-0.80268,-0.00428,0.195325,1
1618200001,-0.801961,-0.00868,0.19832,1
1618400001,-0.80392,-0.00694,0.196785,1
1618600001,-0.803121,-0.00852,0.197025,1
1618800001,-0.8036,-0.00546,0.195935,1
1619000001,-0.802,-0.00116,0.196325,1
1619200001,-0.80508,-0.00612,0.19715,1
1619400001,-0.803641,-0.00906,0.195475,1
1619600001,-0.80392,-0.0042,0.194735,1
1619800001,-0.80404,-0.006,0.19502,1
1620000001,-0.804201,-0.00828,0.19337,1
1620200001,-0.804201,-0.01112,0.19408,1
1620400001,-0.804642,-0.01482,0.193685,1
1620600001,-0.805281,-0.01202,0.19486,1
1620800001,-0.807482,-0.0171,0.19287,1
1621000001,-0.808764,-0.02102,0.19209,1
1621200001,-0.805764,-0.02308,0.192945,1.00001
1621400001,-0.806203,-0.0193,0.194205,1
1621600001,-0.804726,-0.02618,0.19585,1.00001
1621800001,-0.805003,-0.0195,0.19647,1
1622000001,-0.800404,-0.02142,0.19745,1
1622200001,-0.803004,-0.02316,0.197295,1.00001
1622400001,-0.805164,-0.02092,0.19718,1
1622600001,-0.805043,-0.01858,0.194045,1
1622800001,-0.803043,-0.01884,0.194595,1
1623000001,-0.804042,-0.0173,0.198985,1
1623200001,-0.802643,-0.0196,0.194905,1
1623400001,-0.803682,-0.01522,0.196035,1
1623600001,-0.801881,-0.00976,0.198195,1
1623800001,-0.80208,-0.00748,0.19908,1
1624000001,-0.802681,-0.01208,0.19816,1
1624200001,-0.80568,-0.00646,0.193255,1
1624400001,-0.8058,-0.00586,0.195,1
1624600001,-0.804961,-0.01144,0.195125,1
1624800001,-0.805921,-0.01212,0.19564,1
1625000001,-0.805682,-0.0138,0.19395,1
1625200001,-0.806761,-0.0127,0.193005,1
1625400001,-0.805282,-0.01688,0.195505,1
1625600001,-0.806282,-0.01402,0.192175,1
1625800001,-0.805643,-0.01898,0.195,1
1626000001,-0.807122,-0.01552,0.193085,1
1626200001,-0.805401,-0.00942,0.195045,1
1626400001,-0.80524,-0.00602,0.194,1
1626600001,-0.80288,-0.00354,0.19577,1
1626800001,-0.80416,0.00388,0.198595,1
1627000001,-0.80284,0.00136,0.19604,1
1627200001,-0.80268,0.00314,0.195275,1
1627400001,-0.80564,0.00438,0.1936,1
1627600001,-0.80384,0.00134,0.19452,1
1627800001,-0.80364,0.00414,0.19813,1
1628000001,-0.80252,0.00534,0.19565,1
1628200001,-0.80248,0.00494,0.19718,1
1628400001,-0.80388,0.00602,0.19656,1
1628600001,-0.80212,0.00312,0.196775,1
1628800001,-0.805121,0.00844,0.19717,1
1629000001,-0.803161,0.00934,0.196605,1
1629200001,-0.805682,0.01578,0.19494,1
1629400001,-0.804321,0.0126,0.193475,1
1629600001,-0.805641,0.00958,0.196335,1
1629800001,-0.803641,0.01314,0.19629,1
1630000001,-0.802521,0.00802,0.19725,1
1630200001,-0.805361,0.01044,0.196135,1
1630400001,-0.802961,0.00794,0.196575,1
1630600001,-0.803601,0.00876,0.196185,1
1630800001,-0.803001,0.00822,0.198945,1
1631000001,-0.803281,0.0083,0.19675,1
1631200001,-0.805241,0.0079,0.19508,1
1631400001,-0.804041,0.01046,0.19629,1
1631600001,-0.802482,0.01566,0.19807,1
1631800001,-0.805282,0.01458,0.1967,1
1632000001,-0.806441,0.0118,0.192825,1
1632200001,-0.804161,0.01006,0.195405,1
1632400001,-0.803802,0.01454,0.19471,1
1632600001,-0.803922,0.01644,0.197675,1
1632800001,-0.805362,0.01444,0.19605,1
1633000001,-0.806481,0.0134,0.19464,1
1633200001,-0.806801,0.00978,0.193235,1
1633400001,-0.80672,0.005,0.193795,1
1633600001,-0.80152,0.00564,0.1929,1
1633800001,-0.8006,0.0016,0.19817,1
1634000001,-0.80472,-0.0074,0.19843,1
1634200001,-0.803241,-0.00816,0.19583,1
1634400001,-0.806281,-0.01302,0.195335,1
1634600001,-0.807883,-0.01874,0.19542,1
1634800001,-0.804525,-0.0254,0.193875,1.00001
1635000001,-0.806325,-0.02524,0.19268,1.00001
1635200001,-0.802884,-0.02272,0.19251,1.00001
1635400001,-0.805043,-0.02012,0.19419,1
1635600001,-0.806603,-0.01904,0.19336,1
1635800001,-0.805601,-0.0128,0.19591,1
1636000001,-0.805402,-0.01676,0.19447,1
1636200001,-0.805443,-0.01892,0.19297,1
1636400001,-0.804285,-0.0254,0.19667,1.00001
1636600001,-0.806883,-0.01848,0.19484,1
1636800001,-0.804162,-0.01636,0.1965,1
1637000001,-0.804161,-0.01068,0.19573,1
1637200001,-0.806402,-0.0166,0.195,1
1637400001,-0.804522,-0.01746,0.190925,1
1637600001,-0.807924,-0.02086,0.19415,1
1637800001,-0.805924,-0.02176,0.192655,1
1638000001,-0.804325,-0.02438,0.194845,1.00001
1638200001,-0.803205,-0.0237,0.19627,1.00001
1638400001,-0.806803,-0.01924,0.192735,1
1638600001,-0.804321,-0.01248,0.19253,1
1638800001,-0.804721,-0.00954,0.194985,1
1639000001,-0.802561,-0.00876,0.197155,1
1639200001,-0.80304,-0.00562,0.196955,1
1639400001,-0.80268,-0.00544,0.196545,1
1639600001,-0.803,-0.00256,0.19716,1
1639800001,-0.8046,-0.0013,0.195005,1
1640000001,-0.80352,-0.00692,0.195235,1
1640200001,-0.80228,-0.00678,0.195715,1
1640400001,-0.80176,-0.00744,0.197025,1
1640600001,-0.80284,-0.00198,0.197245,1
1640800001,-0.805681,-0.01202,0.197,1
1641000001,-0.803122,-0.01408,0.194085,1
1641200001,-0.800241,-0.0118,0.199,1
1641400001,-0.804201,-0.01338,0.197145,1
1641600001,-0.804202,-0.0139,0.19498,1
1641800001,-0.804201,-0.01234,0.19602,1
1642000001,-0.80608,-0.00772,0.194445,1
1642200001,-0.808561,-0.00972,0.19211,1
1642400001,-0.808121,-0.0123,0.191865,1
1642600001,-0.808201,-0.01212,0.193515,1
1642800001,-0.802843,-0.01776,0.19425,1
1643000001,-0.804402,-0.01734,0.195745,1
1643200001,-0.804522,-0.01698,0.19499,1
1643400001,-0.804802,-0.01452,0.196385,1
1643600001,-0.804002,-0.0137,0.195465,1
1643800001,-0.802241,-0.0117,0.19795,1
1644000001,-0.807441,-0.01334,0.19426,1
1644200001,-0.80752,-0.00676,0.192205,1
1644400001,-0.80504,-0.0072,0.19596,1
1644600001,-0.80424,-0.00554,0.196225,1
1644800001,-0.80496,-0.00382,0.19545,1
1645000001,-0.80384,-0.0042,0.194605,1
1645200001,-0.80108,-0.00636,0.19859,1
1645400001,-0.803,-0.0037,0.196965,1
1645600001,-0.804,-0.00292,0.197075,1
1645800001,-0.80212,-0.00552,0.19577,1
1646000001,-0.80308,-0.00144,0.19668,1
1646200001,-0.8022,0.00298,0.198065,1
1646400001,-0.80204,0.00518,0.19735,1
1646600001,-0.80484,0.00206,0.19837,1
1646800001,-0.804241,0.01054,0.19468,1
1647000001,-0.803401,0.01224,0.196925,1
1647200001,-0.802243,0.0183,0.196895,1
1647400001,-0.803203,0.01898,0.19641,1
1647600001,-0.804682,0.01642,0.19614,1
1647800001,-0.803442,0.01632,0.194185,1
1648000001,-0.802682,0.01668,0.19615,1
1648200001,-0.805003,0.01796,0.19652,1
1648400001,-0.803843,0.018,0.1977,1
1648600001,-0.806645,0.02488,0.19349,1.00001
1648800001,-0.804404,0.022,0.19396,1
1649000001,-0.803602,0.01516,0.19474,1
1649200001,-0.80372,0.00722,0.195195,1
1649400001,-0.80312,0.00402,0.19624,1
1649600001,-0.803921,0.0083,0.19738,1
1649800001,-0.803121,0.01164,0.196385,1
1650000001,-0.80524,0.00624,0.19621,1
1650200001,-0.804841,0.0098,0.19445,1
1650400001,-0.80536,0.00476,0.19504,1
1650600001,-0.80704,0.00198,0.194575,1
1650800001,-0.80592,0.00456,0.195855,1
1651000001,-0.802841,0.00804,0.19657,1
1651200001,-0.80452,0.00402,0.196265,1
1651400001,-0.80452,0.00762,0.1933,1
1651600001,-0.803121,0.01046,0.19533,1
1651800001,-0.802921,0.00946,0.19715,1
1652000001,-0.803281,0.00914,0.19617,1
1652200001,-0.802921,0.01132,0.196885,1
1652400001,-0.803761,0.01346,0.197425,1
1652600001,-0.805641,0.00972,0.195585,1
1652800001,-0.805761,0.00952,0.19695,1
1653000001,-0.80852,0.00766,0.194035,1
1653200001,-0.80764,0.00598,0.19333,1
1653400001,-0.8066,0.0048,0.193015,1
1653600001,-0.80284,0.00068,0.19548,1
1653800001,-0.80332,0.00344,0.19542,1
1654000001,-0.80172,0.00614,0.196685,1
1654200001,-0.80368,0.00232,0.195705,1
1654400001,-0.80548,0.00076,0.19701,1
1654600001,-0.80568,0.00126,0.195255,1
1654800001,-0.806081,0.01078,0.19444,1
1655000001,-0.809042,0.01556,0.192665,1
1655200001,-0.805123,0.01764,0.19355,1
1655400001,-0.806802,0.01736,0.19316,1
1655600001,-0.805401,0.0122,0.19377,1
1655800001,-0.804601,0.00966,0.193815,1
1656000001,-0.803961,0.00816,0.195975,1
1656200001,-0.80488,0.00572,0.19588,1
1656400001,-0.80324,0.00548,0.19709,1
1656600001,-0.8054,0.00104,0.19442,1
1656800001,-0.806761,-0.0088,0.19326,1
1657000001,-0.805921,-0.01136,0.19499,1
1657200001,-0.806841,-0.00938,0.194155,1
1657400001,-0.806681,-0.00872,0.193095,1
1657600001,-0.80536,-0.00738,0.193235,1
1657800001,-0.80508,-0.00256,0.194275,1
1658000001,-0.80616,-0.00414,0.195205,1
1658200001,-0.80288,-0.00054,0.19697,1
1658400001,-0.80224,-0.00208,0.198135,1
1658600001,-0.80488,-0.0074,0.19598,1
1658800001,-0.803041,-0.008,0.19789,1
1659000001,-0.80496,-0.00384,0.19617,1
1659200001,-0.80376,-0.00124,0.19472,1
1659400001,-0.802361,-0.0081,0.195515,1
1659600001,-0.80448,-0.005,0.196035,1
1659800001,-0.80312,-0.0062,0.19605,1
1660000001,-0.802441,-0.01174,0.196875,1
1660200001,-0.80196,-0.0042,0.198245,1
1660400001,-0.803681,-0.00894,0.196225,1
1660600001,-0.805482,-0.01404,0.196295,1
1660800001,-0.804841,-0.01084,0.19508,1
1661000001,-0.803561,-0.00826,0.196245,1
1661200001,-0.80332,-0.00766,0.19582,1
1661400001,-0.799121,-0.0102,0.198115,1
1661600001,-0.800481,-0.00992,0.20158,1
1661800001,-0.801481,-0.01362,0.198705,1
1662000001,-0.800401,-0.01158,0.19799,1
1662200001,-0.800121,-0.0096,0.200505,1
1662400001,-0.803801,-0.01366,0.197555,1
1662600001,-0.803123,-0.01798,0.19779,1
1662800001,-0.806842,-0.0155,0.19489,1
1663000001,-0.803322,-0.0147,0.19502,1
1663200001,-0.803722,-0.01528,0.195515,1
1663400001,-0.803162,-0.01588,0.19538,1
1663600001,-0.804842,-0.01666,0.197055,1
1663800001,-0.805641,-0.01338,0.19706,1
1664000001,-0.80572,-0.0068,0.195495,1
1664200001,-0.80268,-0.00146,0.194975,1
1664400001,-0.80368,0.002,0.195655,1
1664600001,-0.80424,0.00698,0.195445,1
1664800001,-0.80568,0.00472,0.194875,1
1665000001,-0.80672,0.00162,0.194745,1
1665200001,-0.80312,0.0038,0.193655,1
1665400001,-0.805,0.00306,0.195705,1
1665600001,-0.80516,0.00294,0.19438,1
1665800001,-0.80424,0.00558,0.1962,1
1666000001,-0.804241,0.00862,0.19541,1
1666200001,-0.80524,0.00396,0.192995,1
1666400001,-0.8054,0.00716,0.19177,1
1666600001,-0.80784,0.00534,0.193875,1
1666800001,-0.80868,0.00592,0.193015,1
1667000001,-0.80544,0.0044,0.19541,1
1667200001,-0.80428,0.00212,0.1933,1
1667400001,-0.80288,0.00514,0.196205,1
1667600001,-0.808401,0.01032,0.193585,1
1667800001,-0.80768,0.00626,0.191345,1
1668000001,-0.80884,0.00022,0.1929,1
1668200001,-0.80932,0.00474,0.19049,1
1668400001,-0.81004,0.00522,0.19033,1
1668600001,-0.80744,0.00062,0.1939,1
1668800001,-0.8066,0.00398,0.19299,1
1669000001,-0.80516,0.00134,0.19473,1
1669200001,-0.80464,-0.0033,0.1951,1
1669400001,-0.80616,-0.00124,0.195065,1
1669600001,-0.80676,-0.00312,0.19248,1
1669800001,-0.80616,-0.00282,0.191725,1
1670000001,-0.80504,-0.0035,0.19369,1
1670200001,-0.8064,-0.00042,0.19649,1
1670400001,-0.80512,-0.00536,0.194155,1
1670600001,-0.8028,-0.0028,0.19495,1
1670800001,-0.8022,-8e-05,0.19582,1
1671000001,-0.80316,0.00294,0.194545,1
1671200001,-0.80528,-0.00108,0.194445,1
1671400001,-0.80328,-0.00358,0.195555,1
1671600001,-0.80444,-0.00608,0.196605,1
1671800001,-0.805801,-0.00998,0.193435,1
1672000001,-0.803201,-0.00852,0.192475,1
1672200001,-0.79964,0.00098,0.199665,1
1672400001,-0.8012,-0.0013,0.19799,1
1672600001,-0.801921,0.00848,0.199225,1
1672800001,-0.8022,0.00634,0.197035,1
1673000001,-0.800961,0.0083,0.19796,1
1673200001,-0.803001,0.01316,0.197565,1
1673400001,-0.801282,0.01554,0.198955,1
1673600001,-0.801723,0.02056,0.197625,1
1673800001,-0.804323,0.01776,0.19712,1
1674000001,-0.802564,0.02356,0.19506,1.00001
1674200001,-0.803325,0.02532,0.19812,1.00001
1674400001,-0.804163,0.02068,0.19601,1
1674600001,-0.804882,0.01598,0.196215,1
1674800001,-0.802442,0.01406,0.19504,1
1675000001,-0.804001,0.01218,0.19623,1
1675200001,-0.804761,0.01284,0.194805,1
1675400001,-0.80428,0.00746,0.195645,1
1675600001,-0.805081,0.00892,0.192485,1
1675800001,-0.805001,0.00904,0.19547,1
1676000001,-0.80636,0.0076,0.19425,1
1676200001,-0.8052,0.00556,0.19553,1
1676400001,-0.806201,0.00802,0.194745,1
1676600001,-0.806881,0.00826,0.19329,1
1676800001,-0.80608,0.00356,0.193175,1
1677000001,-0.80692,-0.00108,0.19239,1
1677200001,-0.80792,0.00446,0.193715,1
1677400001,-0.8076,0.00558,0.19469,1
1677600001,-0.8084,0.00232,0.190675,1
1677800001,-0.80728,0.00346,0.192905,1
1678000001,-0.80516,0.0048,0.195525,1
1678200001,-0.805121,0.0108,0.19588,1
1678400001,-0.80668,0.00706,0.194305,1
1678600001,-0.8038,0.00286,0.19456,1
1678800001,-0.80356,0.00532,0.196885,1
1679000001,-0.8056,-0.0007,0.194285,1
1679200001,-0.80484,0.0009,0.19445,1
1679400001,-0.80296,-0.00274,0.19675,1
1679600001,-0.8044,-0.00334,0.19806,1
1679800001,-0.80484,-0.00376,0.196325,1
1680000001,-0.80864,-0.00546,0.192215,1
1680200001,-0.804121,-0.00792,0.192425,1
1680400001,-0.801961,-0.01154,0.195515,1
1680600001,-0.806321,-0.01362,0.19453,1
1680800001,-0.806202,-0.01628,0.194235,1
1681000001,-0.804681,-0.01142,0.194365,1
1681200001,-0.806001,-0.00966,0.19464,1
1681400001,-0.805601,-0.01356,0.193235,1
1681600001,-0.804921,-0.00888,0.19435,1
1681800001,-0.803841,-0.00818,0.196095,1
1682000001,-0.802881,-0.00864,0.195765,1
1682200001,-0.805841,-0.0097,0.197255,1
1682400001,-0.80408,-0.00572,0.195985,1
1682600001,-0.804681,-0.0088,0.194,1
1682800001,-0.8054,-0.00456,0.1955,1
1683000001,-0.80332,-0.0031,0.197285,1
1683200001,-0.801961,-0.00818,0.19655,1
1683400001,-0.802801,-0.00818,0.19635,1
1683600001,-0.802401,-0.00866,0.19793,1
1683800001,-0.80516,-0.00506,0.19603,1
1684000001,-0.80092,-0.00668,0.197015,1
1684200001,-0.804241,-0.0124,0.1959,1
1684400001,-0.805362,-0.0175,0.195415,1
1684600001,-0.800523,-0.01802,0.19488,1
1684800001,-0.801363,-0.01862,0.19918,1
1685000001,-0.803044,-0.02184,0.197155,1
1685200001,-0.803445,-0.02476,0.19888,1.00001
1685400001,-0.803126,-0.02638,0.196695,1.00001
1685600001,-0.803084,-0.02154,0.19636,1
1685800001,-0.804203,-0.01924,0.195665,1
1686000001,-0.805602,-0.01658,0.196035,1
1686200001,-0.806003,-0.01912,0.192435,1
1686400001,-0.804483,-0.02064,0.19437,1
1686600001,-0.806523,-0.02018,0.194655,1
1686800001,-0.805762,-0.01736,0.194055,1
1687000001,-0.806522,-0.01524,0.19379,1
1687200001,-0.807242,-0.01492,0.19619,1
1687400001,-0.806922,-0.015,0.19343,1
1687600001,-0.805521,-0.01028,0.19318,1
1687800001,-0.804161,-0.00826,0.196425,1
1688000001,-0.8044,-0.0056,0.195785,1
1688200001,-0.803681,-0.0103,0.196305,1
1688400001,-0.803961,-0.0081,0.19783,1
1688600001,-0.80468,-0.00612,0.194715,1
1688800001,-0.80632,-0.00608,0.19345,1
1689000001,-0.80376,-0.00702,0.194215,1
1689200001,-0.804401,-0.0093,0.19419,1
1689400001,-0.805322,-0.01428,0.193275,1
1689600001,-0.806124,-0.02108,0.1938,1
1689800001,-0.805882,-0.01692,0.19285,1
1690000001,-0.806482,-0.01594,0.193445,1
1690200001,-0.804844,-0.0214,0.195355,1
1690400001,-0.806322,-0.01552,0.19709,1
1690600001,-0.806841,-0.0126,0.19175,1
1690800001,-0.807201,-0.01006,0.193675,1
1691000001,-0.807921,-0.00998,0.19316,1
1691200001,-0.807042,-0.01366,0.19462,1
1691400001,-0.805841,-0.0079,0.19327,1
1691600001,-0.804321,-0.00802,0.19554,1
1691800001,-0.8034,-0.00464,0.197485,1
1692000001,-0.80396,-0.00024,0.19582,1
1692200001,-0.80544,0.004,0.19535,1
1692400001,-0.80468,0.00428,0.19389,1
1692600001,-0.80416,0.0028,0.19604,1
1692800001,-0.80296,0.00196,0.19664,1
1693000001,-0.80408,-0.00424,0.19455,1
1693200001,-0.804041,-0.00886,0.196605,1
1693400001,-0.808401,-0.01238,0.19485,1
1693600001,-0.80508,-0.0045,0.19409,1
1693800001,-0.80632,-0.00628,0.194945,1
1694000001,-0.80556,-0.00068,0.19433,1
1694200001,-0.80456,0.00364,0.19442,1
1694400001,-0.804121,0.00972,0.19496,1
1694600001,-0.80652,0.004,0.19535,1
1694800001,-0.80808,0.00772,0.19389,1
1695000001,-0.80736,0.00204,0.19285,1
1695200001,-0.8068,0.00076,0.19289,1
1695400001,-0.80856,-0.00322,0.191035,1
1695600001,-0.80652,-4e-05,0.192175,1
1695800001,-0.80824,0.00452,0.19467,1
1696000001,-0.80732,0.0048,0.19028,1
1696200001,-0.80764,0.00232,0.19204,1
1696400001,-0.80572,0.00206,0.193925,1
1696600001,-0.80384,0.00704,0.194845,1
1696800001,-0.804601,0.00854,0.195705,1
1697000001,-0.804641,0.00908,0.195985,1
1697200001,-0.805241,0.00924,0.19536,1
1697400001,-0.802441,0.00936,0.1956,1
1697600001,-0.807201,0.01232,0.19608,1
1697800001,-0.804881,0.0098,0.1946,1
1698000001,-0.80656,0.00632,0.19384,1
1698200001,-0.80528,0.00442,0.193905,1
1698400001,-0.803841,0.0116,0.195735,1
1698600001,-0.802041,0.00894,0.196465,1
1698800001,-0.80292,0.00612,0.196975,1
1699000001,-0.80508,0.00584,0.19747,1
1699200001,-0.804201,0.00978,0.197985,1
1699400001,-0.802721,0.00792,0.197205,1
1699600001,-0.801401,0.00982,0.197145,1
1699800001,-0.801482,0.0148,0.196595,1
1700000001,-0.800122,0.01678,0.197855,1
1700200001,-0.802326,0.02666,0.1992,1.00001
1700400001,-0.803287,0.02882,0.19668,1.00001
1700600001,-0.804846,0.02764,0.194795,1.00001
1700800001,-0.804685,0.0241,0.196195,1.00001
1701000001,-0.806125,0.02398,0.19255,1.00001
1701200001,-0.805125,0.02482,0.19542,1.00001
1701400001,-0.804003,0.01844,0.196425,1
1701600001,-0.803882,0.01448,0.19628,1
1701800001,-0.804641,0.01198,0.195605,1
1702000001,-0.802961,0.01342,0.19745,1
1702200001,-0.804642,0.01414,0.1965,1
1702400001,-0.802921,0.01282,0.19712,1
1702600001,-0.80444,0.00506,0.19574,1
1702800001,-0.802681,0.00962,0.19468,1
1703000001,-0.802121,0.0097,0.19684,1
1703200001,-0.803,0.00332,0.198075,1
1703400001,-0.80324,0.00372,0.19598,1
1703600001,-0.801,0.00098,0.197625,1
1703800001,-0.800961,0.01274,0.19707,1
1704000001,-0.80452,0.0042,0.195625,1
1704200001,-0.8044,0.00028,0.19525,1
1704400001,-0.8042,-0.0003,0.194175,1
1704600001,-0.80148,0.00318,0.19666,1
1704800001,-0.80236,0.00402,0.19948,1
1705000001,-0.80296,-0.00148,0.197565,1
1705200001,-0.8042,0.00134,0.195525,1
1705400001,-0.8056,0.0003,0.19426,1
1705600001,-0.80684,-0.00192,0.194055,1
1705800001,-0.8066,-6e-05,0.194035,1
1706000001,-0.8054,-0.00656,0.193685,1
1706200001,-0.80264,-0.00014,0.196025,1
1706400001,-0.80352,-0.00034,0.19967,1
1706600001,-0.805081,0.01004,0.195455,1
1706800001,-0.802481,0.01268,0.19491,1
1707000001,-0.802641,0.00952,0.19574,1
1707200001,-0.800161,0.0088,0.19832,1
1707400001,-0.805921,0.00882,0.195875,1
1707600001,-0.80728,0.00448,0.192025,1
1707800001,-0.804721,0.013,0.19427,1
1708000001,-0.80544,0.00752,0.19396,1
1708200001,-0.80844,0.00076,0.19384,1
1708400001,-0.80412,-0.00254,0.194915,1
1708600001,-0.80172,0.00354,0.19544,1
1708800001,-0.80544,0.00714,0.1945,1
1709000001,-0.803601,0.01022,0.19278,1
1709200001,-0.80564,0.00768,0.194615,1
1709400001,-0.80604,0.00556,0.19299,1
1709600001,-0.80304,0.00402,0.194635,1
1709800001,-0.80316,0.00242,0.19653,1
1710000001,-0.80484,0.00226,0.19752,1
1710200001,-0.80684,0.0001,0.19438,1
1710400001,-0.8058,-0.00156,0.193435,1
1710600001,-0.80528,0.00512,0.19611,1
1710800001,-0.804761,0.0085,0.194665,1
1711000001,-0.807442,0.0151,0.1948,1
1711200001,-0.806444,0.021,0.192715,1
1711400001,-0.809203,0.0177,0.194955,1
1711600001,-0.806801,0.01216,0.193765,1
1711800001,-0.807401,0.0107,0.193665,1
1712000001,-0.80464,0.0035,0.19341,1
1712200001,-0.80472,0.00416,0.194105,1
1712400001,-0.80388,-8e-05,0.19549,1
1712600001,-0.80296,0.00182,0.198575,1
1712800001,-0.80392,-0.0018,0.197465,1
1713000001,-0.8032,-0.00592,0.1956,1
1713200001,-0.804121,-0.0128,0.19643,1
1713400001,-0.804482,-0.01638,0.195165,1
1713600001,-0.804681,-0.01346,0.19519,1
1713800001,-0.804441,-0.01234,0.19525,1
1714000001,-0.803202,-0.0147,0.19737,1
1714200001,-0.804601,-0.01058,0.19565,1
1714400001,-0.805401,-0.01142,0.19497,1
1714600001,-0.803162,-0.01378,0.19556,1
1714800001,-0.802442,-0.01506,0.19488,1
1715000001,-0.80256,-0.00594,0.19684,1
1715200001,-0.801322,-0.0137,0.19758,1
1715400001,-0.802962,-0.0142,0.198925,1
1715600001,-0.803802,-0.01724,0.19718,1
1715800001,-0.805364,-0.02198,0.194935,1
1716000001,-0.802683,-0.02006,0.1963,1
1716200001,-0.802003,-0.01816,0.195575,1
1716400001,-0.804683,-0.01806,0.195715,1
1716600001,-0.804361,-0.01274,0.19606,1
1716800001,-0.803521,-0.00932,0.195565,1
1717000001,-0.80484,-0.00692,0.19626,1
1717200001,-0.804561,-0.00994,0.194365,1
1717400001,-0.803722,-0.01658,0.19359,1
1717600001,-0.805003,-0.01974,0.19499,1
1717800001,-0.805203,-0.01956,0.194595,1
1718000001,-0.805201,-0.01226,0.195565,1
1718200001,-0.805001,-0.0127,0.19447,1
1718400001,-0.806241,-0.01258,0.19516,1
1718600001,-0.804682,-0.0139,0.19449,1
1718800001,-0.806041,-0.01006,0.19628,1
1719000001,-0.802281,-0.01132,0.195525,1
1719200001,-0.805001,-0.01132,0.19517,1
1719400001,-0.807001,-0.01066,0.194885,1
1719600001,-0.804921,-0.01224,0.194425,1
1719800001,-0.806961,-0.01302,0.193485,1
1720000001,-0.805203,-0.0202,0.193515,1
1720200001,-0.804564,-0.02278,0.196375,1.00001
1720400001,-0.804802,-0.01504,0.196255,1
1720600001,-0.807002,-0.01646,0.193855,1
1720800001,-0.807483,-0.01902,0.19326,1
1721000001,-0.808562,-0.01752,0.192905,1
1721200001,-0.805442,-0.01728,0.19282,1
1721400001,-0.804801,-0.00982,0.194905,1
1721600001,-0.804,-0.00518,0.1951,1
1721800001,-0.803601,-0.01208,0.195995,1
1722000001,-0.804681,-0.01008,0.19734,1
1722200001,-0.804883,-0.01982,0.196545,1
1722400001,-0.806404,-0.02118,0.19448,1
1722600001,-0.807723,-0.02026,0.19402,1
1722800001,-0.807682,-0.01586,0.19219,1
1723000001,-0.804122,-0.01704,0.193845,1
1723200001,-0.807683,-0.01846,0.194165,1
1723400001,-0.805842,-0.0149,0.19321,1
1723600001,-0.802963,-0.01778,0.19386,1
1723800001,-0.804002,-0.01746,0.19582,1
1724000001,-0.802882,-0.0167,0.19774,1
1724200001,-0.803121,-0.0091,0.19536,1
1724400001,-0.8018,-0.0062,0.197685,1
1724600001,-0.80376,-0.00506,0.197235,1
1724800001,-0.80244,-0.00312,0.197095,1
1725000001,-0.80184,-0.00438,0.197775,1
1725200001,-0.80264,-0.00342,0.19741,1
1725400001,-0.80416,0.00038,0.19848,1
1725600001,-0.80388,0.00248,0.195395,1
1725800001,-0.8032,0.00146,0.196215,1
1726000001,-0.8058,-0.00336,0.194765,1
1726200001,-0.8062,-0.00224,0.19671,1
1726400001,-0.80496,-0.0071,0.193965,1
1726600001,-0.804801,-0.0122,0.197185,1
1726800001,-0.80764,-0.0042,0.19213,1
1727000001,-0.8066,-0.0025,0.192255,1
1727200001,-0.80716,0.00302,0.19213,1
1727400001,-0.8088,-0.0033,0.19331,1
1727600001,-0.8052,-0.00618,0.19161,1
1727800001,-0.80304,-0.00404,0.195565,1
1728000001,-0.802401,-0.00958,0.197635,1
1728200001,-0.80508,-0.0063,0.19569,1
1728400001,-0.80172,-0.00456,0.195755,1
1728600001,-0.802921,-0.01054,0.197235,1
1728800001,-0.804,-0.00498,0.19893,1
1729000001,-0.80484,-0.0027,0.19421,1
1729200001,-0.80352,-0.00226,0.19517,1
1729400001,-0.8026,-0.00266,0.19677,1
1729600001,-0.80712,-0.00366,0.19572,1
1729800001,-0.8064,-0.00322,0.19399,1
1730000001,-0.80628,0.00284,0.191595,1
1730200001,-0.80416,6e-05,0.195825,1
1730400001,-0.8038,0.00108,0.193495,1
1730600001,-0.80392,0.00338,0.196475,1
1730800001,-0.80432,0.00072,0.195825,1
1731000001,-0.80568,0.00464,0.19366,1
1731200001,-0.805,-0.00146,0.193845,1
1731400001,-0.80528,-0.00232,0.195385,1
1731600001,-0.8036,0.0009,0.195225,1
1731800001,-0.80216,0.00022,0.19809,1
1732000001,-0.80356,0.00274,0.19682,1
1732200001,-0.80284,0.00188,0.196425,1
1732400001,-0.80232,0.00234,0.195395,1
1732600001,-0.80308,0.00122,0.19868,1
1732800001,-0.8032,0.0029,0.19556,1
1733000001,-0.80364,-0.00068,0.196695,1
1733200001,-0.80292,0.00292,0.19685,1
1733400001,-0.80376,0.00016,0.19819,1
1733600001,-0.8076,0.0063,0.194235,1
1733800001,-0.80712,0.00184,0.192445,1
1734000001,-0.80852,0.00578,0.191515,1
1734200001,-0.80496,0.00346,0.19372,1
1734400001,-0.80192,0.00118,0.19742,1
1734600001,-0.80412,0.00202,0.19557,1
1734800001,-0.80316,-0.00328,0.196795,1
1735000001,-0.80568,-0.00698,0.197335,1
1735200001,-0.80592,-0.0059,0.19502,1
1735400001,-0.80424,-0.00206,0.19487,1
1735600001,-0.8048,0.00336,0.195535,1
1735800001,-0.80324,0.00422,0.194995,1
1736000001,-0.80464,0.00122,0.19534,1
1736200001,-0.80632,-0.00072,0.194345,1
1736400001,-0.80728,0.0054,0.19451,1
1736600001,-0.80828,0.00508,0.19315,1
1736800001,-0.80444,0.00162,0.195695,1
1737000001,-0.80904,0.00472,0.194435,1
1737200001,-0.8048,0.00536,0.19301,1
1737400001,-0.80668,0.00418,0.193705,1
1737600001,-0.8034,0.0002,0.192585,1
1737800001,-0.80144,0.00258,0.197825,1
1738000001,-0.80244,0.00546,0.1984,1
1738200001,-0.80396,0.00616,0.196365,1
1738400001,-0.803881,0.00868,0.19509,1
1738600001,-0.802121,0.00962,0.196095,1
1738800001,-0.804601,0.0086,0.196975,1
1739000001,-0.807241,0.00866,0.195315,1
1739200001,-0.8042,-0.0005,0.19387,1
1739400001,-0.8032,-0.00224,0.195355,1
1739600001,-0.8072,0.0006,0.19524,1
1739800001,-0.80824,0.00254,0.192485,1
1740000001,-0.80608,0.0022,0.193365,1
1740200001,-0.80676,-0.00234,0.195575,1
1740400001,-0.80692,-0.00156,0.195215,1
1740600001,-0.80272,-0.0071,0.196315,1
1740800001,-0.80128,-0.00748,0.197055,1
1741000001,-0.803041,-0.00826,0.197975,1
1741200001,-0.802841,-0.0113,0.19832,1
1741400001,-0.801641,-0.00836,0.197165,1
1741600001,-0.80284,-0.00454,0.196505,1
1741800001,-0.8026,-0.00706,0.1976,1
1742000001,-0.805641,-0.01258,0.19555,1
1742200001,-0.805242,-0.01624,0.195395,1
1742400001,-0.808121,-0.01354,0.194095,1
1742600001,-0.803481,-0.01192,0.193395,1
1742800001,-0.803681,-0.01066,0.195495,1
1743000001,-0.805281,-0.00928,0.196735,1
1743200001,-0.80288,-0.00786,0.196085,1
1743400001,-0.80608,-0.00626,0.19576,1
1743600001,-0.804841,-0.01136,0.194855,1
1743800001,-0.804724,-0.02094,0.194515,1
1744000001,-0.803084,-0.02314,0.19663,1.00001
1744200001,-0.801966,-0.028,0.196205,1.00001
1744400001,-0.800606,-0.02786,0.199065,1.00001
1744600001,-0.803527,-0.02864,0.196595,1.00001
1744800001,-0.802565,-0.02602,0.196575,1.00001
1745000001,-0.798685,-0.02464,0.199405,1.00001
1745200001,-0.803323,-0.02054,0.197995,1
1745400001,-0.801604,-0.02304,0.196245,1.00001
1745600001,-0.802684,-0.02126,0.197785,1
1745800001,-0.804322,-0.01518,0.19797,1
1746000001,-0.806601,-0.01288,0.194245,1
1746200001,-0.808001,-0.00832,0.19267,1
1746400001,-0.80576,-0.00466,0.193635,1
1746600001,-0.8036,-0.00302,0.19699,1
1746800001,-0.80412,-0.00488,0.195695,1
1747000001,-0.80404,-0.00538,0.197385,1
1747200001,-0.8034,0.00064,0.195185,1
1747400001,-0.80228,-0.0012,0.19564,1
1747600001,-0.80664,0.0049,0.195305,1
1747800001,-0.80684,0.00098,0.19181,1
1748000001,-0.80472,0.00262,0.19644,1
1748200001,-0.80552,0.00388,0.194705,1
1748400001,-0.8064,0.00426,0.195165,1
1748600001,-0.80836,0.00568,0.193795,1
1748800001,-0.80428,0.00194,0.194595,1
1749000001,-0.80568,0.00164,0.194485,1
1749200001,-0.80452,0.00782,0.194135,1
1749400001,-0.804441,0.00978,0.19568,1
1749600001,-0.806522,0.0146,0.193755,1
1749800001,-0.805324,0.02138,0.193265,1
1750000001,-0.802283,0.0177,0.19616,1
1750200001,-0.804962,0.01428,0.194125,1
1750400001,-0.805441,0.0099,0.194745,1
1750600001,-0.80324,0.00422,0.19705,1
1750800001,-0.80492,0.00172,0.195715,1
1751000001,-0.80356,0.00056,0.19529,1
1751200001,-0.80712,-0.00476,0.19544,1
1751400001,-0.80848,-0.00402,0.190705,1
1751600001,-0.80604,-0.00312,0.192235,1
1751800001,-0.805841,-0.0099,0.193815,1
1752000001,-0.804281,-0.01248,0.194525,1
1752200001,-0.804402,-0.01724,0.19518,1
1752400001,-0.803961,-0.01346,0.196345,1
1752600001,-0.804162,-0.01418,0.19579,1
1752800001,-0.803441,-0.0119,0.19582,1
1753000001,-0.804521,-0.0086,0.194205,1
1753200001,-0.803681,-0.00852,0.19448,1
1753400001,-0.80328,-0.00788,0.19696,1
1753600001,-0.803601,-0.00792,0.19663,1
1753800001,-0.802081,-0.0085,0.196355,1
1754000001,-0.80332,-0.00384,0.196235,1
1754200001,-0.8012,-0.00224,0.19724,1
1754400001,-0.8016,0.00256,0.19837,1
1754600001,-0.80448,0.00618,0.195035,1
1754800001,-0.8066,0.00154,0.194,1
1755000001,-0.805,0.00278,0.19633,1
1755200001,-0.8052,0.00516,0.194695,1
1755400001,-0.80336,0.00242,0.195035,1
1755600001,-0.80184,-0.00206,0.19611,1
1755800001,-0.80276,0.00132,0.197005,1
1756000001,-0.804,0.00246,0.196515,1
1756200001,-0.80276,0.00588,0.194095,1
1756400001,-0.801761,0.00976,0.19811,1
1756600001,-0.802602,0.01656,0.1993,1
1756800001,-0.802281,0.01248,0.19748,1
1757000001,-0.802761,0.0136,0.19866,1
1757200001,-0.804161,0.01364,0.19589,1
1757400001,-0.80336,0.00534,0.195525,1
1757600001,-0.80332,0.007,0.197385,1
1757800001,-0.80456,0.00078,0.197825,1
1758000001,-0.801,0.0058,0.195575,1
1758200001,-0.80384,0.00322,0.196805,1
1758400001,-0.802,-0.0013,0.19509,1
1758600001,-0.80248,0.00772,0.196875,1
1758800001,-0.803561,0.00802,0.194805,1
1759000001,-0.80248,0.00574,0.19609,1
1759200001,-0.804961,0.00824,0.195105,1
1759400001,-0.80628,0.00698,0.195375,1
1759600001,-0.805,0.00446,0.19428,1
1759800001,-0.80496,0.0026,0.194595,1
1760000001,-0.80196,0.0023,0.196095,1
1760200001,-0.80104,-0.00054,0.19756,1
1760400001,-0.8018,0.004,0.197135,1
1760600001,-0.803001,0.01224,0.19719,1
1760800001,-0.801362,0.01476,0.1983,1
1761000001,-0.804363,0.01932,0.19545,1
1761200001,-0.806443,0.02048,0.19564,1
1761400001,-0.805364,0.02242,0.195545,1.00001
1761600001,-0.805963,0.01782,0.19595,1
1761800001,-0.802642,0.01644,0.194905,1
1762000001,-0.808802,0.01522,0.193545,1
1762200001,-0.805083,0.01976,0.194265,1
1762400001,-0.805723,0.01862,0.194825,1
1762600001,-0.806121,0.0118,0.194765,1
1762800001,-0.805603,0.01792,0.19466,1
1763000001,-0.807562,0.01492,0.192,1
1763200001,-0.809721,0.01232,0.19179,1
1763400001,-0.80924,0.00754,0.189415,1
1763600001,-0.804481,0.00842,0.19323,1
1763800001,-0.80368,0.00326,0.19593,1
1764000001,-0.80248,-0.00416,0.198895,1
1764200001,-0.80288,-0.00508,0.19568,1
1764400001,-0.8054,-0.00318,0.195785,1
1764600001,-0.804721,-0.00794,0.19517,1
1764800001,-0.80612,-0.00676,0.194165,1
1765000001,-0.804601,-0.00914,0.196055,1
1765200001,-0.80244,-0.00666,0.19549,1
1765400001,-0.804161,-0.00926,0.1972,1
1765600001,-0.802801,-0.01172,0.195265,1
1765800001,-0.804641,-0.01196,0.19563,1
1766000001,-0.804203,-0.01824,0.19546,1
1766200001,-0.803562,-0.01504,0.19615,1
1766400001,-0.802922,-0.01764,0.19604,1
1766600001,-0.802602,-0.014,0.19647,1
1766800001,-0.806203,-0.01898,0.195155,1
1767000001,-0.805323,-0.01764,0.194595,1
1767200001,-0.807921,-0.01308,0.19597,1
1767400001,-0.8086,-0.00328,0.19268,1
1767600001,-0.805,0.00014,0.191695,1
1767800001,-0.80544,0.00518,0.19351,1
1768000001,-0.80616,0.0062,0.195305,1
1768200001,-0.80556,0.00154,0.192765,1
1768400001,-0.8074,0.00294,0.19582,1
1768600001,-0.80616,-0.00034,0.19313,1
1768800001,-0.80816,-0.0047,0.19332,1
1769000001,-0.8044,-0.00164,0.194495,1
1769200001,-0.80072,-0.00338,0.198325,1
1769400001,-0.804,-0.00246,0.19774,1
1769600001,-0.80456,-0.00524,0.195835,1
1769800001,-0.80252,-0.0012,0.19655,1
1770000001,-0.80576,0.00016,0.19465,1
1770200001,-0.8032,0.00322,0.195725,1
1770400001,-0.80516,0.00098,0.19641,1
1770600001,-0.80548,-0.00204,0.194515,1
1770800001,-0.80668,-0.00014,0.192475,1
1771000001,-0.80448,0.00048,0.195195,1
1771200001,-0.80168,0.00652,0.19622,1
1771400001,-0.798,0.0041,0.199275,1
1771600001,-0.799401,0.0081,0.20032,1
1771800001,-0.803561,0.00924,0.196775,1
1772000001,-0.807521,0.01102,0.195125,1
1772200001,-0.803881,0.00822,0.19234,1
1772400001,-0.804402,0.01506,0.19502,1
1772600001,-0.805843,0.01792,0.195185,1
1772800001,-0.803163,0.01774,0.194415,1
1773000001,-0.806961,0.01016,0.194995,1
1773200001,-0.80572,0.0029,0.194875,1
1773400001,-0.80548,-0.00066,0.19535,1
1773600001,-0.80488,-0.00424,0.196605,1
1773800001,-0.80248,0.00144,0.19659,1
1774000001,-0.80332,0.0065,0.196035,1
1774200001,-0.80404,0.00624,0.196325,1
1774400001,-0.804081,0.00856,0.19481,1
1774600001,-0.80196,0.0034,0.19703,1
1774800001,-0.8022,0.00218,0.198595,1
1775000001,-0.80352,-0.00152,0.199585,1
1775200001,-0.80388,0.00018,0.194615,1
1775400001,-0.80508,-0.0002,0.195985,1
1775600001,-0.8056,0.00104,0.19367,1
1775800001,-0.80308,-0.00236,0.1948,1
1776000001,-0.803921,-0.00938,0.198185,1
1776200001,-0.804161,-0.0102,0.197625,1
1776400001,-0.802761,-0.00946,0.195245,1
1776600001,-0.804561,-0.01346,0.19745,1
1776800001,-0.804641,-0.01136,0.196025,1
1777000001,-0.806682,-0.01624,0.19558,1
1777200001,-0.808003,-0.0205,0.192175,1
1777400001,-0.807363,-0.02036,0.193835,1
1777600001,-0.805562,-0.0174,0.1935,1
1777800001,-0.802322,-0.01494,0.196835,1
1778000001,-0.805521,-0.01106,0.19548,1
1778200001,-0.8046,-0.0047,0.19665,1
1778400001,-0.80376,-0.00148,0.196565,1
1778600001,-0.8054,-0.00236,0.19408,1
1778800001,-0.805281,-0.00822,0.195365,1
1779000001,-0.805361,-0.01334,0.19367,1
1779200001,-0.805281,-0.00852,0.196055,1
1779400001,-0.80672,-0.00394,0.195015,1
1779600001,-0.80544,-0.00118,0.19251,1
1779800001,-0.80384,0.0065,0.19486,1
1780000001,-0.80268,0.0021,0.19789,1
1780200001,-0.80448,0.0006,0.196805,1
1780400001,-0.80432,0.0047,0.195995,1
1780600001,-0.80548,-0.00258,0.19452,1
1780800001,-0.80304,-0.0038,0.197275,1
1781000001,-0.80368,-8e-05,0.19651,1
1781200001,-0.8022,0.00132,0.19853,1
1781400001,-0.8006,0.00258,0.199115,1
1781600001,-0.802681,0.01128,0.196135,1
1781800001,-0.805521,0.01022,0.196645,1
1782000001,-0.802161,0.0114,0.196345,1
1782200001,-0.807281,0.0125,0.196165,1
1782400001,-0.80448,0.00584,0.195975,1
1782600001,-0.805121,0.0091,0.195315,1
1782800001,-0.80232,0.00088,0.196565,1
1783000001,-0.80204,0.00074,0.196105,1
1783200001,-0.80084,-0.00178,0.19606,1
1783400001,-0.80116,0.0007,0.19865,1
1783600001,-0.80152,0.00258,0.19976,1
1783800001,-0.80348,0.00386,0.19881,1
1784000001,-0.804641,0.00806,0.19617,1
1784200001,-0.80252,0.00118,0.19611,1
1784400001,-0.80288,8e-05,0.199115,1
1784600001,-0.802841,-0.00804,0.19675,1
1784800001,-0.802481,-0.00926,0.194885,1
1785000001,-0.802401,-0.00916,0.195975,1
1785200001,-0.80116,-0.00778,0.197745,1
1785400001,-0.804122,-0.0137,0.19745,1
1785600001,-0.802681,-0.01122,0.19778,1
1785800001,-0.800081,-0.00884,0.198495,1
1786000001,-0.802,-0.00508,0.19929,1
1786200001,-0.805121,-0.0101,0.196465,1
1786400001,-0.802641,-0.01076,0.196365,1
1786600001,-0.803523,-0.01766,0.197065,1
1786800001,-0.801322,-0.01734,0.19599,1
1787000001,-0.805481,-0.01168,0.195435,1
1787200001,-0.804802,-0.01406,0.194505,1
1787400001,-0.807042,-0.01432,0.195275,1
1787600001,-0.802761,-0.01058,0.195115,1
1787800001,-0.800961,-0.01254,0.197,1
1788000001,-0.802241,-0.01238,0.19772,1
1788200001,-0.805361,-0.012,0.195485,1
1788400001,-0.803162,-0.01498,0.196825,1
1788600001,-0.804761,-0.01206,0.19467,1
1788800001,-0.803681,-0.00872,0.195485,1
1789000001,-0.80216,-0.00758,0.196875,1
1789200001,-0.802801,-0.00978,0.19988,1
1789400001,-0.804681,-0.00988,0.195845,1
1789600001,-0.806642,-0.01598,0.195505,1
1789800001,-0.801161,-0.01158,0.19746,1
1790000001,-0.804321,-0.0083,0.19733,1
1790200001,-0.801521,-0.00984,0.196605,1
1790400001,-0.802681,-0.0088,0.19878,1
1790600001,-0.800601,-0.0103,0.196735,1
1790800001,-0.803601,-0.00902,0.19895,1
1791000001,-0.801521,-0.01108,0.198925,1
1791200001,-0.80388,-0.00556,0.19531,1
1791400001,-0.8032,-0.00424,0.19695,1
1791600001,-0.802081,-0.01066,0.197115,1
1791800001,-0.801922,-0.01544,0.195875,1
1792000001,-0.801002,-0.0167,0.197575,1
1792200001,-0.802282,-0.01592,0.198875,1
1792400001,-0.798962,-0.0143,0.198895,1
1792600001,-0.801403,-0.01968,0.198665,1
1792800001,-0.800803,-0.0177,0.197105,1
1793000001,-0.801764,-0.0218,0.200295,1
1793200001,-0.801682,-0.01612,0.1976,1
1793400001,-0.802081,-0.00928,0.19551,1
1793600001,-0.802962,-0.01606,0.198035,1
1793800001,-0.803922,-0.01704,0.196205,1
1794000001,-0.802484,-0.02304,0.19841,1.00001
1794200001,-0.803443,-0.0192,0.19659,1
1794400001,-0.803963,-0.01954,0.197205,1
1794600001,-0.805323,-0.01814,0.19501,1
1794800001,-0.805643,-0.01952,0.194875,1
1795000001,-0.804483,-0.01836,0.19444,1
1795200001,-0.804083,-0.01948,0.19495,1
1795400001,-0.803241,-0.01162,0.194335,1
1795600001,-0.807082,-0.01464,0.194735,1
1795800001,-0.808281,-0.01118,0.193705,1
1796000001,-0.80468,-0.00274,0.19435,1
1796200001,-0.80496,0.0026,0.193595,1
1796400001,-0.803961,-0.00946,0.197455,1
1796600001,-0.80464,-0.007,0.196425,1
1796800001,-0.80464,-0.00558,0.196205,1
1797000001,-0.80536,-0.00696,0.194165,1
1797200001,-0.8032,-0.00396,0.19611,1
1797400001,-0.80444,-0.00694,0.195425,1
1797600001,-0.803281,-0.00962,0.19477,1
1797800001,-0.803961,-0.01166,0.19569,1
1798000001,-0.80624,-0.00746,0.19425,1
1798200001,-0.801121,-0.0117,0.19638,1
1798400001,-0.803162,-0.01418,0.1961,1
1798600001,-0.804402,-0.01748,0.195995,1
1798800001,-0.801843,-0.01824,0.19437,1
1799000001,-0.803882,-0.01588,0.19584,1
1799200001,-0.805442,-0.01654,0.196845,1
1799400001,-0.804642,-0.01488,0.194255,1
1799600001,-0.805522,-0.01386,0.193735,1
1799800001,-0.807401,-0.0099,0.19476,1
1800000001,-0.80584,-0.0052,0.191995,1
1800200001,-0.80896,-0.00324,0.19368,1
1800400001,-0.80788,-0.00096,0.19274,1
1800600001,-0.80912,0.00428,0.19109,1
1800800001,-0.80564,0.00288,0.19366,1
1801000001,-0.806,0.0047,0.193815,1
1801200001,-0.80444,0.00302,0.19746,1
1801400001,-0.80224,0.00784,0.196285,1
1801600001,-0.801921,0.0103,0.196725,1
1801800001,-0.80188,0.00686,0.19831,1
1802000001,-0.804361,0.01258,0.19537,1
1802200001,-0.805563,0.01808,0.196245,1
1802400001,-0.802562,0.01524,0.19588,1
1802600001,-0.802602,0.01402,0.198235,1
1802800001,-0.801681,0.01312,0.197155,1
1803000001,-0.802922,0.0149,0.196805,1
1803200001,-0.803441,0.01084,0.197805,1
1803400001,-0.802841,0.0119,0.198385,1
1803600001,-0.801841,0.0121,0.19753,1
1803800001,-0.803001,0.0086,0.198115,1
1804000001,-0.8026,0.00788,0.19648,1
1804200001,-0.80148,0.0063,0.195745,1
1804400001,-0.800161,0.0112,0.198425,1
1804600001,-0.803441,0.00956,0.19666,1
1804800001,-0.801161,0.01326,0.197045,1
1805000001,-0.80288,0.00596,0.196625,1
1805200001,-0.805561,0.00888,0.19478,1
1805400001,-0.805481,0.00982,0.194425,1
1805600001,-0.802961,0.0116,0.194765,1
1805800001,-0.800521,0.00802,0.197065,1
1806000001,-0.80556,0.00766,0.19602,1
1806200001,-0.80624,0.00716,0.195405,1
1806400001,-0.80528,0.0046,0.19573,1
1806600001,-0.80456,0.00214,0.194285,1
1806800001,-0.80524,-0.00646,0.19584,1
1807000001,-0.80296,-0.00398,0.19674,1
1807200001,-0.80524,-0.00316,0.196805,1
1807400001,-0.80384,-0.00724,0.19546,1
1807600001,-0.805881,-0.01346,0.195755,1
1807800001,-0.803522,-0.01564,0.195015,1
1808000001,-0.804282,-0.0145,0.196935,1
1808200001,-0.804602,-0.01628,0.195695,1
1808400001,-0.803163,-0.01892,0.1961,1
1808600001,-0.806644,-0.02288,0.1966,1.00001
1808800001,-0.806603,-0.01968,0.19321,1
1809000001,-0.803841,-0.01216,0.19486,1
1809200001,-0.805081,-0.01106,0.192865,1
1809400001,-0.80432,-0.00242,0.1937,1
1809600001,-0.80576,-0.00012,0.195075,1
1809800001,-0.80492,0.0054,0.19383,1
1810000001,-0.80796,0.00502,0.196005,1
1810200001,-0.80824,0.00092,0.193125,1
1810400001,-0.80816,-0.00374,0.191245,1
1810600001,-0.8094,-0.00272,0.190865,1
1810800001,-0.80892,-0.00114,0.191675,1
1811000001,-0.80808,0.00292,0.193195,1
1811200001,-0.80628,-0.00328,0.19242,1
1811400001,-0.80724,-8e-05,0.19501,1
1811600001,-0.80556,-0.00482,0.194205,1
1811800001,-0.80604,-0.0024,0.194635,1
1812000001,-0.80516,-0.0012,0.19315,1
1812200001,-0.80436,-0.00302,0.194075,1
1812400001,-0.8072,-0.00056,0.194715,1
1812600001,-0.80748,0.00214,0.194475,1
1812800001,-0.80488,0.00106,0.19495,1
1813000001,-0.8058,0.00446,0.19273,1
1813200001,-0.803201,0.00862,0.19359,1
1813400001,-0.80352,0.00764,0.195245,1
1813600001,-0.805041,0.00936,0.19416,1
1813800001,-0.80316,0.00648,0.19664,1
1814000001,-0.80396,0.00462,0.196265,1
1814200001,-0.805521,0.00988,0.196155,1
1814400001,-0.806201,0.00998,0.195435,1
1814600001,-0.80636,0.00588,0.193235,1
1814800001,-0.807,0.0056,0.19194,1
1815000001,-0.80856,0.00426,0.193645,1
1815200001,-0.80384,0.00058,0.19471,1
1815400001,-0.80612,0.00296,0.195645,1
1815600001,-0.80544,-0.00122,0.194695,1
1815800001,-0.80524,0.00128,0.195085,1
1816000001,-0.807,0.00378,0.193555,1
1816200001,-0.80624,0.00678,0.19328,1
1816400001,-0.80624,0.00566,0.1941,1
1816600001,-0.806441,0.01264,0.193895,1
1816800001,-0.805483,0.01784,0.19503,1
1817000001,-0.805922,0.01502,0.193605,1
1817200001,-0.806562,0.01556,0.191835,1
1817400001,-0.806441,0.01276,0.19312,1
1817600001,-0.807761,0.0107,0.193965,1
1817800001,-0.809121,0.00964,0.192805,1
1818000001,-0.8054,0.00508,0.19482,1
1818200001,-0.80584,0.00698,0.194595,1
1818400001,-0.807001,0.01186,0.19337,1
1818600001,-0.80688,0.00534,0.1911,1
1818800001,-0.80888,0.00386,0.19119,1
1819000001,-0.80756,0.00318,0.19194,1
1819200001,-0.8052,0.00778,0.19446,1
1819400001,-0.8066,0.00294,0.1948,1
1819600001,-0.80508,-0.00076,0.194455,1
1819800001,-0.80748,0.00044,0.19373,1
1820000001,-0.80636,-0.00022,0.194105,1
1820200001,-0.80644,0.0021,0.19338,1
1820400001,-0.80476,-0.00338,0.19374,1
1820600001,-0.803881,-0.00816,0.195905,1
1820800001,-0.805801,-0.01054,0.194245,1
1821000001,-0.80528,-0.00752,0.193185,1
1821200001,-0.80484,-0.0071,0.193515,1
1821400001,-0.805082,-0.01514,0.19471,1
1821600001,-0.803841,-0.00928,0.195745,1
1821800001,-0.805361,-0.01166,0.194015,1
1822000001,-0.804121,-0.0107,0.19538,1
1822200001,-0.804761,-0.00912,0.196565,1
1822400001,-0.80444,-0.00428,0.19705,1
1822600001,-0.80144,-0.00314,0.197045,1
1822800001,-0.79976,-0.0032,0.198565,1
1823000001,-0.803081,-0.00826,0.197605,1
1823200001,-0.804161,-0.01154,0.19807,1
1823400001,-0.804321,-0.00836,0.196965,1
1823600001,-0.804882,-0.015,0.1963,1
1823800001,-0.803962,-0.01576,0.19559,1
1824000001,-0.805321,-0.0092,0.19524,1
1824200001,-0.8056,-0.00678,0.194395,1
1824400001,-0.80596,-0.00614,0.19461,1
1824600001,-0.80248,-0.00472,0.197355,1
1824800001,-0.80284,-0.00458,0.198565,1
1825000001,-0.80672,-0.00666,0.19681,1
1825200001,-0.803961,-0.00794,0.19667,1
1825400001,-0.80364,-0.00776,0.195075,1
1825600001,-0.803841,-0.01274,0.196865,1
1825800001,-0.803201,-0.0085,0.19403,1
1826000001,-0.80548,-0.0076,0.196125,1
1826200001,-0.806162,-0.01548,0.19381,1
1826400001,-0.806284,-0.02236,0.19367,1
1826600001,-0.806324,-0.0218,0.19342,1
1826800001,-0.804483,-0.02024,0.19364,1
1827000001,-0.807164,-0.02286,0.197215,1.00001
1827200001,-0.802963,-0.0206,0.195335,1
1827400001,-0.804122,-0.01678,0.194525,1
1827600001,-0.807001,-0.0117,0.19478,1
1827800001,-0.807522,-0.01634,0.19222,1
1828000001,-0.808482,-0.01522,0.19236,1
1828200001,-0.806602,-0.01488,0.193385,1
1828400001,-0.806162,-0.01686,0.195055,1
1828600001,-0.805762,-0.01426,0.1952,1
1828800001,-0.802962,-0.0144,0.197285,1
1829000001,-0.803041,-0.0112,0.19651,1
1829200001,-0.802201,-0.01336,0.1966,1
1829400001,-0.803801,-0.00868,0.19717,1
1829600001,-0.80436,-0.00332,0.19686,1
1829800001,-0.80376,-0.00122,0.195285,1
1830000001,-0.80408,0.00074,0.19561,1
1830200001,-0.8056,-0.00608,0.194975,1
1830400001,-0.806721,-0.00862,0.192885,1
1830600001,-0.804802,-0.01498,0.19471,1
1830800001,-0.800402,-0.0138,0.198095,1
1831000001,-0.803042,-0.01636,0.19707,1
1831200001,-0.802124,-0.0217,0.197495,1
1831400001,-0.801643,-0.02048,0.196555,1
1831600001,-0.800442,-0.01686,0.201505,1
1831800001,-0.801683,-0.0184,0.198515,1
1832000001,-0.801722,-0.0137,0.199835,1
1832200001,-0.804683,-0.01828,0.195735,1
1832400001,-0.805401,-0.01228,0.19352,1
1832600001,-0.805201,-0.0121,0.194395,1
1832800001,-0.805201,-0.01026,0.19409,1
1833000001,-0.807521,-0.01342,0.19396,1
1833200001,-0.80656,-0.00492,0.193205,1
1833400001,-0.8058,-0.001,0.19247,1
1833600001,-0.80788,-0.00686,0.194375,1
1833800001,-0.80656,-0.00534,0.19498,1
1834000001,-0.804081,-0.00836,0.196615,1
1834200001,-0.80608,-0.00204,0.19415,1
1834400001,-0.8042,-0.00172,0.19476,1
1834600001,-0.80412,0.00296,0.19379,1
1834800001,-0.805,0.0045,0.194735,1
1835000001,-0.802561,0.0091,0.19628,1
1835200001,-0.803681,0.0108,0.197005,1
1835400001,-0.806241,0.0111,0.193865,1
1835600001,-0.802881,0.0111,0.19478,1
1835800001,-0.805722,0.01414,0.1965,1
1836000001,-0.805562,0.01692,0.195245,1
1836200001,-0.805722,0.01746,0.193925,1
1836400001,-0.804962,0.01496,0.192765,1
1836600001,-0.803921,0.0096,0.19638,1
1836800001,-0.803561,0.01006,0.195115,1
1837000001,-0.803643,0.01786,0.19548,1
1837200001,-0.804163,0.01868,0.195065,1
1837400001,-0.806083,0.01862,0.194425,1
1837600001,-0.805083,0.01796,0.193195,1
1837800001,-0.806522,0.01418,0.195495,1
1838000001,-0.805522,0.0163,0.19379,1
1838200001,-0.807162,0.01654,0.19338,1
1838400001,-0.803401,0.01344,0.193455,1
1838600001,-0.805723,0.01918,0.197495,1
1838800001,-0.805722,0.01504,0.194495,1
1839000001,-0.804523,0.01862,0.196895,1
1839200001,-0.803443,0.02004,0.194865,1
1839400001,-0.803162,0.01646,0.194955,1
1839600001,-0.803802,0.0164,0.197305,1
1839800001,-0.804083,0.01984,0.19755,1
1840000001,-0.806202,0.01752,0.19449,1
1840200001,-0.805603,0.0195,0.194915,1
1840400001,-0.806922,0.01676,0.193705,1
1840600001,-0.805522,0.01564,0.19185,1
1840800001,-0.806321,0.01054,0.196265,1
1841000001,-0.80556,0.00374,0.19391,1
1841200001,-0.80616,-0.00156,0.194705,1
1841400001,-0.80248,-0.0015,0.195575,1
1841600001,-0.80376,-0.00312,0.197665,1
1841800001,-0.8048,-0.00082,0.195395,1
1842000001,-0.805,-0.00124,0.193735,1
1842200001,-0.80648,-0.0054,0.19492,1
1842400001,-0.80372,-0.00442,0.194655,1
1842600001,-0.806521,-0.00826,0.19412,1
1842800001,-0.804801,-0.01042,0.19481,1
1843000001,-0.8052,-0.0046,0.194485,1
1843200001,-0.80656,-0.00312,0.19462,1
1843400001,-0.80456,-0.00116,0.19642,1
1843600001,-0.80652,0.00316,0.19238,1
1843800001,-0.80744,0.0074,0.19437,1
1844000001,-0.805801,0.00974,0.193965,1
1844200001,-0.80416,0.00608,0.197285,1
1844400001,-0.80672,0.0068,0.19448,1
1844600001,-0.80556,0.00662,0.192395,1
1844800001,-0.80516,0.00406,0.19406,1
1845000001,-0.805,0.00168,0.194505,1
1845200001,-0.80728,-0.00202,0.194335,1
1845400001,-0.80544,-0.00154,0.19213,1
1845600001,-0.80644,-0.00182,0.19345,1
1845800001,-0.80572,-0.00068,0.193565,1
1846000001,-0.8066,-0.0046,0.19547,1
1846200001,-0.804761,-0.01114,0.192895,1
1846400001,-0.80408,-0.0034,0.195945,1
1846600001,-0.8032,-0.00184,0.19823,1
1846800001,-0.80196,-0.00412,0.19679,1
1847000001,-0.80364,-0.00488,0.19576,1
1847200001,-0.80244,-0.0025,0.197175,1
1847400001,-0.80376,0.00038,0.19775,1
1847600001,-0.80144,0.00344,0.195905,1
1847800001,-0.80072,-0.00308,0.19827,1
1848000001,-0.80116,-0.00228,0.19835,1
1848200001,-0.80184,-0.00414,0.196805,1
1848400001,-0.80344,-0.0021,0.197,1
1848600001,-0.8018,-0.00152,0.195935,1
1848800001,-0.806,-0.00242,0.194795,1
1849000001,-0.8044,-0.0016,0.195075,1
1849200001,-0.80488,0.00196,0.19569,1
1849400001,-0.80496,0.00342,0.195665,1
1849600001,-0.805241,0.0087,0.19537,1
1849800001,-0.805761,0.00828,0.193615,1
1850000001,-0.803682,0.014,0.19647,1
1850200001,-0.805362,0.01394,0.195695,1
1850400001,-0.805361,0.00918,0.19452,1
1850600001,-0.80464,0.00678,0.19517,1
1850800001,-0.803881,0.01054,0.19511,1
1851000001,-0.804281,0.01116,0.198285,1
1851200001,-0.807481,0.0114,0.19465,1
1851400001,-0.807041,0.01114,0.192565,1
1851600001,-0.804162,0.01366,0.19508,1
1851800001,-0.806281,0.0092,0.194835,1
1852000001,-0.8036,0.00684,0.19386,1
1852200001,-0.80308,0.00656,0.19561,1
1852400001,-0.79896,-0.0009,0.199955,1
1852600001,-0.80404,-0.00372,0.198395,1
1852800001,-0.80468,-0.00158,0.195365,1
1853000001,-0.803,-0.00344,0.196545,1
1853200001,-0.80444,-0.00358,0.194985,1
1853400001,-0.80176,0.00204,0.197315,1
1853600001,-0.80368,0.00778,0.196405,1
1853800001,-0.8038,0.00768,0.196165,1
1854000001,-0.80224,-8e-05,0.19749,1
1854200001,-0.8016,0.00264,0.19705,1
1854400001,-0.8026,0.00464,0.19634,1
1854600001,-0.80428,0.0048,0.19575,1
1854800001,-0.80484,0.0044,0.19622,1
1855000001,-0.80432,0.0069,0.195505,1
1855200001,-0.799721,0.00886,0.19788,1
1855400001,-0.798641,0.0081,0.19885,1
1855600001,-0.799241,0.00864,0.200135,1
1855800001,-0.80224,0.00538,0.198955,1
1856000001,-0.80344,0.00592,0.197295,1
1856200001,-0.8022,0.00364,0.19729,1
1856400001,-0.80188,-0.00056,0.19795,1
1856600001,-0.8036,0.00332,0.19663,1
1856800001,-0.80272,0.0018,0.19657,1
1857000001,-0.807,-0.00244,0.19569,1
1857200001,-0.80404,-0.0031,0.196595,1
1857400001,-0.80448,-0.00138,0.19721,1
1857600001,-0.80408,-0.00042,0.19712,1
1857800001,-0.80444,-0.00536,0.195335,1
1858000001,-0.8034,-0.00122,0.195525,1
1858200001,-0.802521,-0.0079,0.19817,1
1858400001,-0.802801,-0.0086,0.198145,1
1858600001,-0.80392,0.00262,0.196755,1
1858800001,-0.80476,0.00156,0.194925,1
1859000001,-0.80388,0.00326,0.195765,1
1859200001,-0.80296,0.00658,0.1956,1
1859400001,-0.802442,0.01384,0.197555,1
1859600001,-0.803441,0.00856,0.19486,1
1859800001,-0.802761,0.01162,0.199125,1
1860000001,-0.802961,0.01096,0.197935,1
1860200001,-0.804041,0.01104,0.1966,1
1860400001,-0.80556,0.00524,0.19529,1
1860600001,-0.80376,0.0078,0.19651,1
1860800001,-0.805001,0.01168,0.19651,1
1861000001,-0.802041,0.00844,0.19404,1
1861200001,-0.803001,0.01136,0.1947,1
1861400001,-0.803241,0.01162,0.196135,1
1861600001,-0.803201,0.01078,0.1966,1
1861800001,-0.804601,0.00886,0.19513,1
1862000001,-0.80432,0.00706,0.19489,1
1862200001,-0.802722,0.01466,0.1979,1
1862400001,-0.802202,0.01412,0.197985,1
1862600001,-0.802842,0.01586,0.198345,1
1862800001,-0.803362,0.01432,0.196325,1
1863000001,-0.801242,0.01674,0.197605,1
1863200001,-0.801801,0.01334,0.1998,1
1863400001,-0.803442,0.01412,0.197785,1
1863600001,-0.805721,0.00958,0.193295,1
1863800001,-0.807641,0.00946,0.19234,1
1864000001,-0.804521,0.01118,0.19535,1
1864200001,-0.805521,0.0127,0.1952,1
1864400001,-0.806723,0.0179,0.19402,1
1864600001,-0.806081,0.01034,0.19591,1
1864800001,-0.806121,0.00918,0.19415,1
1865000001,-0.807081,0.00982,0.19141,1
1865200001,-0.804841,0.01084,0.193805,1
1865400001,-0.80152,0.0044,0.19776,1
1865600001,-0.804961,0.00868,0.19711,1
1865800001,-0.80508,0.0053,0.195075,1
1866000001,-0.806161,0.00792,0.194795,1
1866200001,-0.80708,0.00576,0.19436,1
1866400001,-0.80332,0.00742,0.195915,1
1866600001,-0.80108,0.00522,0.19744,1
1866800001,-0.805081,0.01192,0.196245,1
1867000001,-0.805641,0.0095,0.194235,1
1867200001,-0.804522,0.0142,0.195535,1
1867400001,-0.804242,0.01464,0.1962,1
1867600001,-0.806482,0.01658,0.196185,1
1867800001,-0.804564,0.02256,0.193645,1.00001
1868000001,-0.805324,0.02102,0.194365,1
1868200001,-0.803764,0.02136,0.196795,1
1868400001,-0.802683,0.01818,0.194755,1
1868600001,-0.806082,0.01378,0.19313,1
1868800001,-0.807363,0.02,0.195275,1
1869000001,-0.805164,0.02218,0.194005,1
1869200001,-0.806122,0.0151,0.19289,1
1869400001,-0.805642,0.01524,0.194825,1
1869600001,-0.804842,0.01698,0.196315,1
1869800001,-0.803765,0.02452,0.195325,1.00001
1870000001,-0.805285,0.02564,0.1969,1.00001
1870200001,-0.804886,0.02724,0.1962,1.00001
1870400001,-0.800685,0.0249,0.195685,1.00001
1870600001,-0.802245,0.0241,0.19858,1.00001
1870800001,-0.804846,0.0277,0.19698,1.00001
1871000001,-0.804043,0.02058,0.19681,1
1871200001,-0.802201,0.01268,0.196585,1
1871400001,-0.803401,0.00848,0.19569,1
1871600001,-0.80484,0.00748,0.19703,1
1871800001,-0.80564,0.00448,0.19513,1
1872000001,-0.80348,0.00406,0.196165,1
1872200001,-0.803561,0.00846,0.19516,1
1872400001,-0.80292,0.00536,0.196245,1
1872600001,-0.80692,0.00604,0.19511,1
1872800001,-0.80372,0.00706,0.195865,1
1873000001,-0.80188,0.00426,0.19702,1
1873200001,-0.80372,0.00118,0.19612,1
1873400001,-0.8038,2e-05,0.19501,1
1873600001,-0.80388,0.00062,0.19805,1
1873800001,-0.80588,0.00746,0.19613,1
1874000001,-0.802001,0.0096,0.197815,1
1874200001,-0.803961,0.00858,0.195615,1
1874400001,-0.80388,0.00308,0.195065,1
1874600001,-0.80508,-0.00496,0.19575,1
1874800001,-0.80604,-0.00322,0.195135,1
1875000001,-0.80308,-0.00326,0.19567,1
1875200001,-0.80372,4e-05,0.198465,1
1875400001,-0.80648,0.00264,0.19582,1
1875600001,-0.80524,0.00248,0.1963,1
1875800001,-0.80388,-0.0008,0.19645,1
1876000001,-0.8058,-0.00058,0.194115,1
1876200001,-0.80744,0.00036,0.192595,1
1876400001,-0.80476,0.0041,0.194505,1
1876600001,-0.80232,0.0031,0.19701,1
1876800001,-0.7982,0.00572,0.200255,1
1877000001,-0.804921,0.00846,0.196635,1
1877200001,-0.804721,0.0128,0.195295,1
1877400001,-0.806161,0.01242,0.194235,1
1877600001,-0.805961,0.00864,0.193525,1
1877800001,-0.805401,0.00924,0.19408,1
1878000001,-0.80356,0.00696,0.1954,1
1878200001,-0.80328,0.0074,0.19776,1
1878400001,-0.80336,0.00272,0.19616,1
1878600001,-0.80188,0.00502,0.198055,1
1878800001,-0.80292,0.0068,0.196325,1
1879000001,-0.80384,0.0064,0.19455,1
1879200001,-0.80444,0.00452,0.19458,1
1879400001,-0.804121,0.0097,0.193755,1
1879600001,-0.805561,0.0104,0.195495,1
1879800001,-0.805481,0.0101,0.193905,1
1880000001,-0.80772,0.00484,0.193715,1
1880200001,-0.80376,0.0019,0.192335,1
1880400001,-0.80436,-0.00102,0.19569,1
1880600001,-0.80516,-0.00108,0.194765,1
1880800001,-0.80648,0.00604,0.19415,1
1881000001,-0.80424,0.0051,0.194405,1
1881200001,-0.802681,0.00932,0.195055,1
1881400001,-0.804041,0.01164,0.1959,1
1881600001,-0.804681,0.0134,0.19613,1
1881800001,-0.80656,0.00726,0.194725,1
1882000001,-0.80112,0.00178,0.19745,1
1882200001,-0.80036,-0.00054,0.19775,1
1882400001,-0.80304,0.00564,0.196485,1
1882600001,-0.80176,0.0053,0.195055,1
1882800001,-0.80336,0.00444,0.198755,1
1883000001,-0.80784,-0.00174,0.195995,1
1883200001,-0.8066,-0.0021,0.1934,1
1883400001,-0.80576,-0.00178,0.19517,1
1883600001,-0.8064,0.0008,0.192685,1
1883800001,-0.80748,-0.00334,0.193545,1
1884000001,-0.80404,-0.00652,0.194295,1
1884200001,-0.80708,-0.0056,0.19526,1
1884400001,-0.80284,-0.00752,0.19395,1
1884600001,-0.80228,-0.00724,0.19743,1
1884800001,-0.80348,-0.00768,0.19559,1
1885000001,-0.807241,-0.01136,0.19541,1
1885200001,-0.80596,-0.0072,0.19309,1
1885400001,-0.80132,-0.00202,0.195225,1
1885600001,-0.8022,-0.0011,0.19821,1
1885800001,-0.805,0.00126,0.1977,1
1886000001,-0.8066,-0.00636,0.193565,1
1886200001,-0.80628,-0.00442,0.195585,1
1886400001,-0.804,0.00392,0.193325,1
1886600001,-0.80684,0.00776,0.19557,1
1886800001,-0.80732,0.0051,0.193905,1
1887000001,-0.80464,0.00094,0.19368,1
1887200001,-0.80592,-0.00102,0.1942,1
1887400001,-0.8062,-0.00084,0.195115,1
1887600001,-0.80776,-0.00306,0.193365,1
1887800001,-0.8052,0.00042,0.19323,1
1888000001,-0.80436,0.00166,0.19489,1
1888200001,-0.80392,0.0041,0.19554,1
1888400001,-0.80364,0.00526,0.19542,1
1888600001,-0.80056,0.0032,0.197195,1
1888800001,-0.80192,0.00388,0.19697,1
1889000001,-0.80572,0.00374,0.195355,1
1889200001,-0.80264,0.00318,0.1955,1
1889400001,-0.804601,0.00952,0.194505,1
1889600001,-0.802321,0.00996,0.19658,1
1889800001,-0.803961,0.00922,0.196125,1
1890000001,-0.805,0.00338,0.19606,1
1890200001,-0.80468,0.00226,0.19661,1
1890400001,-0.80308,0.00102,0.19656,1
1890600001,-0.80468,-0.00322,0.19659,1
1890800001,-0.80332,-0.00138,0.19533,1
1891000001,-0.80444,0.00288,0.197365,1
1891200001,-0.80208,0.0011,0.196795,1
1891400001,-0.80296,0.00128,0.198075,1
1891600001,-0.80328,0.00126,0.198055,1
1891800001,-0.8044,0.00536,0.196375,1
1892000001,-0.80452,0.0058,0.19807,1
1892200001,-0.80392,0.00462,0.194715,1
1892400001,-0.80524,0.00592,0.195605,1
1892600001,-0.80576,0.004,0.19391,1
1892800001,-0.80412,0.00446,0.194465,1
1893000001,-0.80452,0.0056,0.197515,1
1893200001,-0.80228,0.00248,0.19444,1
1893400001,-0.80492,0.00114,0.196625,1
1893600001,-0.80544,0.00238,0.19587,1
1893800001,-0.80692,0.00356,0.192945,1
1894000001,-0.80164,0.00012,0.19482,1
1894200001,-0.80608,-0.00014,0.196745,1
1894400001,-0.80632,0.00712,0.193955,1
1894600001,-0.80428,0.00256,0.19226,1
1894800001,-0.80508,0.00294,0.196265,1
1895000001,-0.80548,0.00046,0.19579,1
1895200001,-0.8066,0.00594,0.19374,1
1895400001,-0.80676,0.00064,0.193745,1
1895600001,-0.80916,0.00056,0.19191,1
1895800001,-0.80828,0.00112,0.19246,1
1896000001,-0.80532,0.00764,0.19232,1
1896200001,-0.804401,0.00824,0.19416,1
1896400001,-0.80524,0.00516,0.1961,1
1896600001,-0.80668,0.00592,0.19484,1
1896800001,-0.805,0.00732,0.19453,1
1897000001,-0.8078,0.00644,0.19359,1
1897200001,-0.80608,0.00526,0.193865,1
1897400001,-0.80308,0.00374,0.19465,1
1897600001,-0.80284,0.0011,0.19669,1
1897800001,-0.80548,-0.0039,0.19716,1
1898000001,-0.804521,-0.00894,0.19559,1
1898200001,-0.804561,-0.01214,0.19644,1
1898400001,-0.803481,-0.0108,0.196615,1
1898600001,-0.803041,-0.01126,0.197845,1
1898800001,-0.80364,-0.0038,0.197065,1
1899000001,-0.80512,-0.00326,0.194895,1
1899200001,-0.80412,-0.0034,0.195295,1
1899400001,-0.8022,-0.00128,0.19706,1
1899600001,-0.80424,0.00072,0.19596,1
1899800001,-0.80316,0.00328,0.19611,1
1900000001,-0.80316,0.00238,0.197115,1
1900200001,-0.80544,0.00588,0.194965,1
1900400001,-0.803041,0.01122,0.195875,1
1900600001,-0.804761,0.00818,0.19625,1
1900800001,-0.80296,0.00248,0.194955,1
1901000001,-0.80516,0.00012,0.19475,1
1901200001,-0.80524,0.00214,0.198185,1
1901400001,-0.802081,-0.00864,0.197595,1
1901600001,-0.800801,-0.01192,0.19743,1
1901800001,-0.802562,-0.01478,0.198505,1
1902000001,-0.805122,-0.01376,0.196635,1
1902200001,-0.805401,-0.01144,0.19579,1
1902400001,-0.806081,-0.009,0.19417,1
1902600001,-0.80624,-0.0041,0.193675,1
1902800001,-0.80392,-0.0031,0.19573,1
1903000001,-0.80664,0.00074,0.19475,1
1903200001,-0.80652,0.00064,0.192185,1
1903400001,-0.80788,-0.00524,0.19217,1
1903600001,-0.80924,-0.00438,0.191135,1
1903800001,-0.81032,-0.00414,0.19179,1
1904000001,-0.80792,0.00076,0.190915,1
1904200001,-0.80464,0.00222,0.194325,1
1904400001,-0.806201,0.009,0.194225,1
1904600001,-0.80664,0.0012,0.19434,1
1904800001,-0.80612,0.0013,0.193755,1
1905000001,-0.8022,0.00418,0.1954,1
1905200001,-0.80504,0.0038,0.198115,1
1905400001,-0.8038,0.00212,0.19573,1
1905600001,-0.80408,0.00318,0.196805,1
1905800001,-0.80576,0.00414,0.19543,1
1906000001,-0.80388,0.00528,0.194035,1
1906200001,-0.804961,0.01142,0.195545,1
1906400001,-0.805361,0.01082,0.19437,1
1906600001,-0.80688,0.00678,0.19333,1
1906800001,-0.80664,0.00536,0.191735,1
1907000001,-0.80792,0.0061,0.191995,1
1907200001,-0.8056,0.004,0.192545,1
1907400001,-0.80504,0.0037,0.194445,1
1907600001,-0.803,0.00424,0.196635,1
1907800001,-0.80232,0.00238,0.195065,1
1908000001,-0.80248,-0.00014,0.19726,1
1908200001,-0.80272,0.00274,0.19692,1
1908400001,-0.80336,0.004,0.195345,1
1908600001,-0.80532,0.00102,0.196865,1
1908800001,-0.80644,-0.00414,0.19463,1
1909000001,-0.80784,0.0021,0.19302,1
1909200001,-0.80664,0.00416,0.193325,1
1909400001,-0.80368,0.00542,0.195365,1
1909600001,-0.80384,0.00744,0.195705,1
1909800001,-0.80256,0.00654,0.196845,1
1910000001,-0.803042,0.01566,0.19615,1
1910200001,-0.805121,0.01238,0.19656,1
1910400001,-0.804122,0.01576,0.194205,1
1910600001,-0.803242,0.01506,0.196735,1
1910800001,-0.803002,0.0145,0.19632,1
1911000001,-0.802761,0.0128,0.197145,1
1911200001,-0.804641,0.01014,0.196715,1
1911400001,-0.8066,4e-05,0.194955,1
1911600001,-0.80448,0.00146,0.194975,1
1911800001,-0.8042,0.00318,0.19467,1
1912000001,-0.80296,-0.00522,0.19747,1
1912200001,-0.80288,-0.00354,0.19786,1
1912400001,-0.8066,-0.00676,0.193495,1
1912600001,-0.80684,-0.00218,0.194645,1
1912800001,-0.80416,-0.00034,0.19457,1
1913000001,-0.80432,0.00102,0.19623,1
1913200001,-0.80444,-0.00232,0.194535,1
1913400001,-0.80432,0.0015,0.196275,1
1913600001,-0.80388,-0.0011,0.19534,1
1913800001,-0.80652,0.00164,0.194925,1
1914000001,-0.80784,-0.00202,0.193475,1
1914200001,-0.80416,-0.00574,0.1944,1
1914400001,-0.803841,-0.01312,0.195045,1
1914600001,-0.804721,-0.01228,0.19691,1
1914800001,-0.802482,-0.01698,0.194735,1
1915000001,-0.804001,-0.01132,0.195665,1
1915200001,-0.805122,-0.01386,0.194905,1
1915400001,-0.802842,-0.01488,0.194275,1
1915600001,-0.804122,-0.0142,0.19699,1
1915800001,-0.803962,-0.0157,0.196595,1
1916000001,-0.803721,-0.01122,0.19608,1
1916200001,-0.80544,-0.00356,0.197625,1
1916400001,-0.80516,0.0006,0.19593,1
1916600001,-0.80484,0.00496,0.19684,1
1916800001,-0.804441,0.00852,0.19489,1
1917000001,-0.802922,0.0143,0.196155,1
1917200001,-0.803042,0.01566,0.19794,1
1917400001,-0.801361,0.00892,0.199455,1
1917600001,-0.800361,0.0124,0.19738,1
1917800001,-0.804002,0.01378,0.198215,1
1918000001,-0.805201,0.01324,0.196855,1
1918200001,-0.805682,0.01498,0.191825,1
1918400001,-0.806163,0.01866,0.19402,1
1918600001,-0.806766,0.02792,0.194355,1.00001
1918800001,-0.80433,0.0351,0.194455,1.00001
1919000001,-0.80293,0.03498,0.19552,1.00001
1919200001,-0.802971,0.03634,0.19448,1.00001
1919400001,-0.802728,0.03244,0.196725,1.00001
1919600001,-0.804726,0.02656,0.19658,1.00001
1919800001,-0.806166,0.02822,0.193955,1.00001
1920000001,-0.804847,0.02946,0.19168,1.00001
1920200001,-0.803286,0.02804,0.196505,1.00001
1920400001,-0.803444,0.02288,0.197,1.00001
1920600001,-0.803483,0.0208,0.19681,1
1920800001,-0.806163,0.01972,0.19276,1
1921000001,-0.804085,0.02572,0.19392,1.00001
1921200001,-0.802964,0.02112,0.19696,1
1921400001,-0.804563,0.02022,0.196965,1
1921600001,-0.806644,0.02236,0.193935,1
1921800001,-0.805563,0.01988,0.19361,1
1922000001,-0.805843,0.0189,0.195285,1
1922200001,-0.801523,0.0186,0.193505,1
1922400001,-0.803882,0.0173,0.196645,1
1922600001,-0.802921,0.01118,0.19633,1
1922800001,-0.804921,0.0123,0.19516,1
1923000001,-0.805161,0.01152,0.195835,1
1923200001,-0.804283,0.01826,0.198195,1
1923400001,-0.807281,0.01232,0.194565,1
1923600001,-0.806242,0.01538,0.195375,1
1923800001,-0.803925,0.02472,0.193595,1.00001
1924000001,-0.802725,0.02384,0.19708,1.00001
1924200001,-0.801685,0.025,0.1991,1.00001
1924400001,-0.804884,0.02308,0.19712,1.00001
1924600001,-0.805965,0.02372,0.19661,1.00001
1924800001,-0.808003,0.01982,0.192845,1
1925000001,-0.806763,0.0192,0.192145,1
1925200001,-0.805801,0.01364,0.19368,1
1925400001,-0.807202,0.01582,0.194675,1
1925600001,-0.804841,0.00828,0.193695,1
1925800001,-0.807441,0.00842,0.192795,1
1926000001,-0.80664,0.00762,0.19208,1
1926200001,-0.80292,0.00666,0.19507,1
1926400001,-0.80284,0.00532,0.194965,1
1926600001,-0.80292,0.00604,0.19559,1
1926800001,-0.80664,0.00632,0.19516,1
1927000001,-0.805321,0.00788,0.1948,1
1927200001,-0.808761,0.00946,0.192775,1
1927400001,-0.808241,0.00852,0.192155,1
1927600001,-0.805561,0.00906,0.194205,1
1927800001,-0.807761,0.01136,0.192765,1
1928000001,-0.807682,0.01368,0.19385,1
1928200001,-0.807322,0.0138,0.19386,1
1928400001,-0.805121,0.00852,0.19433,1
1928600001,-0.80412,0.00744,0.19404,1
1928800001,-0.80476,0.00722,0.196125,1
1929000001,-0.803201,0.00792,0.197015,1
1929200001,-0.80608,0.0072,0.19385,1
1929400001,-0.80448,0.00482,0.196565,1
1929600001,-0.80612,-8e-05,0.193815,1
1929800001,-0.80636,0.0028,0.19291,1
1930000001,-0.80596,0.0037,0.193915,1
1930200001,-0.80444,-0.00236,0.196725,1
1930400001,-0.8072,-0.00246,0.194485,1
1930600001,-0.806481,-0.00954,0.19389,1
1930800001,-0.80524,-0.00242,0.194,1
1931000001,-0.80472,-1.08895e-17,0.194205,1
1931200001,-0.80784,-0.00162,0.194095,1
1931400001,-0.80816,0.0038,0.192685,1
1931600001,-0.807961,0.01214,0.192985,1
1931800001,-0.805281,0.01004,0.192175,1
1932000001,-0.8016,0.00732,0.1963,1
1932200001,-0.803762,0.0153,0.197105,1
1932400001,-0.805242,0.01472,0.195875,1
1932600001,-0.805962,0.01572,0.19498,1
1932800001,-0.802441,0.01282,0.195625,1
1933000001,-0.804801,0.01244,0.197895,1
1933200001,-0.804321,0.0125,0.195235,1
1933400001,-0.801442,0.015,0.197255,1
1933600001,-0.802481,0.01068,0.19779,1
1933800001,-0.80444,0.00682,0.195705,1
1934000001,-0.804321,0.00992,0.196915,1
1934200001,-0.801961,0.0109,0.197695,1
1934400001,-0.8022,0.00702,0.19736,1
1934600001,-0.805481,0.00834,0.19707,1
1934800001,-0.80296,0.00716,0.196425,1
1935000001,-0.80632,0.00014,0.196425,1
1935200001,-0.80392,-0.0003,0.19493,1
1935400001,-0.80288,-0.0018,0.194615,1
1935600001,-0.80268,-0.00624,0.19669,1
1935800001,-0.802362,-0.0153,0.197085,1
1936000001,-0.804762,-0.01754,0.19694,1
1936200001,-0.806401,-0.01198,0.19422,1
1936400001,-0.805481,-0.01116,0.194015,1
1936600001,-0.806801,-0.00806,0.195645,1
1936800001,-0.807201,-0.011,0.192575,1
1937000001,-0.809882,-0.01566,0.190865,1
1937200001,-0.807321,-0.01232,0.193205,1
1937400001,-0.807961,-0.00794,0.192695,1
1937600001,-0.804561,-0.01186,0.19446,1
1937800001,-0.806483,-0.02004,0.194365,1
1938000001,-0.805163,-0.01966,0.193675,1
1938200001,-0.804643,-0.02058,0.19456,1
1938400001,-0.806442,-0.01454,0.1926,1
1938600001,-0.805921,-0.01298,0.19347,1
1938800001,-0.805481,-0.0102,0.194365,1
1939000001,-0.805721,-0.01346,0.192975,1
1939200001,-0.806041,-0.01012,0.193805,1
1939400001,-0.804561,-0.00996,0.19272,1
1939600001,-0.80588,-0.0064,0.1947,1
1939800001,-0.80696,-0.00568,0.19326,1
1940000001,-0.80692,-0.00424,0.19259,1
1940200001,-0.80836,-0.00248,0.1925,1
1940400001,-0.80708,0.00462,0.192865,1
1940600001,-0.8052,-0.00054,0.19299,1
1940800001,-0.80456,-0.00508,0.195915,1
1941000001,-0.80516,-0.00296,0.19554,1
1941200001,-0.80416,-0.00378,0.197175,1
1941400001,-0.80464,-0.00396,0.194165,1
1941600001,-0.80348,-0.00464,0.1961,1
1941800001,-0.8074,0.00276,0.19434,1
1942000001,-0.80496,-0.00718,0.193525,1
1942200001,-0.80388,-0.0051,0.19565,1
1942400001,-0.80572,-0.00262,0.19358,1
1942600001,-0.80684,-0.00078,0.19299,1
1942800001,-0.80684,-0.00556,0.191875,1
1943000001,-0.80584,-0.00758,0.193335,1
1943200001,-0.80856,-0.00762,0.19469,1
1943400001,-0.806361,-0.00972,0.192855,1
1943600001,-0.808441,-0.0119,0.193715,1
1943800001,-0.8076,-0.00476,0.191435,1
1944000001,-0.805961,-0.00922,0.194055,1
1944200001,-0.80484,-0.00474,0.19418,1
1944400001,-0.80476,-0.00342,0.19706,1
1944600001,-0.80576,-0.00646,0.19564,1
1944800001,-0.80644,-0.0054,0.193265,1
1945000001,-0.807881,-0.00812,0.1946,1
1945200001,-0.807841,-0.01048,0.19274,1
1945400001,-0.808481,-0.01268,0.19232,1
1945600001,-0.808681,-0.01026,0.192225,1
1945800001,-0.806361,-0.00904,0.193085,1
1946000001,-0.80416,-0.00358,0.195055,1
1946200001,-0.80484,6e-05,0.19517,1
1946400001,-0.80512,-0.0009,0.19408,1
1946600001,-0.80576,-0.00544,0.195875,1
1946800001,-0.80316,-0.0062,0.19679,1
1947000001,-0.803761,-0.0135,0.195615,1
1947200001,-0.806082,-0.01742,0.19568,1
1947400001,-0.805161,-0.0089,0.19368,1
1947600001,-0.80496,-0.0019,0.19573,1
1947800001,-0.80584,0.00164,0.193065,1
1948000001,-0.80424,0.00462,0.193375,1
1948200001,-0.80608,0.00186,0.19415,1
1948400001,-0.80524,-0.0061,0.19436,1
1948600001,-0.803641,-0.01348,0.196975,1
1948800001,-0.803883,-0.0187,0.196335,1
1949000001,-0.802202,-0.01526,0.19756,1
1949200001,-0.802282,-0.01396,0.199225,1
1949400001,-0.804361,-0.00984,0.19759,1
1949600001,-0.8056,-0.00608,0.19634,1
1949800001,-0.805721,-0.0087,0.194365,1
1950000001,-0.80396,-0.0059,0.19538,1
1950200001,-0.80564,0.00026,0.1949,1
1950400001,-0.80632,-8e-05,0.196385,1
1950600001,-0.80448,-0.0068,0.19601,1
1950800001,-0.806241,-0.00836,0.19375,1
1951000001,-0.80616,-0.00758,0.193925,1
1951200001,-0.80448,-0.00184,0.192945,1
1951400001,-0.80528,0.00276,0.195,1
1951600001,-0.80588,0.00668,0.19544,1
1951800001,-0.804601,0.00868,0.19506,1
1952000001,-0.80456,0.00216,0.19469,1
1952200001,-0.80492,-0.00088,0.197,1
1952400001,-0.80688,0.00358,0.194345,1
1952600001,-0.80464,0.00382,0.19476,1
1952800001,-0.80504,0.00502,0.19637,1
1953000001,-0.80516,0.00024,0.196725,1
1953200001,-0.80372,8e-05,0.19479,1
1953400001,-0.80324,-0.0048,0.19628,1
1953600001,-0.80236,-0.0051,0.195685,1
1953800001,-0.80236,-0.0072,0.197595,1
1954000001,-0.8018,-0.00568,0.19932,1
1954200001,-0.8068,-0.00526,0.195925,1
1954400001,-0.80288,-0.00786,0.19447,1
1954600001,-0.80448,-0.00452,0.199285,1
1954800001,-0.8036,-0.0052,0.19762,1
1955000001,-0.804441,-0.00802,0.198015,1
1955200001,-0.80496,-0.00642,0.19539,1
1955400001,-0.80488,-0.00276,0.195755,1
1955600001,-0.80792,-0.00464,0.19576,1
1955800001,-0.806561,-0.00794,0.192425,1
1956000001,-0.802081,-0.0118,0.196965,1
1956200001,-0.805361,-0.00806,0.195275,1
1956400001,-0.80628,-0.00492,0.193545,1
1956600001,-0.80664,-0.00094,0.194595,1
1956800001,-0.80428,-0.00026,0.19549,1
1957000001,-0.8072,-0.00308,0.193035,1
1957200001,-0.80576,-0.0021,0.192965,1
1957400001,-0.8068,-0.00148,0.193505,1
1957600001,-0.80772,-0.00306,0.191605,1
1957800001,-0.80644,-0.00708,0.191005,1
1958000001,-0.806441,-0.00902,0.193655,1
1958200001,-0.806041,-0.00872,0.194665,1
1958400001,-0.805,-0.00542,0.194985,1
1958600001,-0.804681,-0.00868,0.196225,1
1958800001,-0.80488,-0.00338,0.197555,1
1959000001,-0.80344,0.00054,0.1961,1
1959200001,-0.80612,0.00496,0.196525,1
1959400001,-0.80544,-0.0018,0.19373,1
1959600001,-0.8038,-0.00652,0.1955,1
1959800001,-0.804922,-0.0164,0.19474,1
1960000001,-0.804801,-0.01352,0.19599,1
1960200001,-0.803282,-0.01724,0.19543,1
1960400001,-0.805323,-0.0204,0.19685,1
1960600001,-0.804963,-0.0192,0.19496,1
1960800001,-0.806443,-0.02022,0.194715,1
1961000001,-0.801562,-0.01534,0.19629,1
1961200001,-0.803482,-0.01662,0.19759,1
1961400001,-0.802522,-0.01616,0.194405,1
1961600001,-0.804881,-0.01148,0.1946,1
1961800001,-0.8042,-0.0065,0.195765,1
1962000001,-0.80436,-0.00524,0.195795,1
1962200001,-0.80364,-0.00278,0.195535,1
1962400001,-0.80448,-0.00124,0.194455,1
1962600001,-0.80352,-0.00134,0.194215,1
1962800001,-0.80752,-0.00368,0.195485,1
1963000001,-0.80756,0.00012,0.19178,1
1963200001,-0.80632,0.0022,0.19372,1
1963400001,-0.8034,-0.00052,0.19458,1
1963600001,-0.80556,0.0003,0.196885,1
1963800001,-0.80472,-0.00012,0.193245,1
1964000001,-0.80528,0.00522,0.195345,1
1964200001,-0.8046,0.00714,0.19384,1
1964400001,-0.804562,0.0142,0.196455,1
1964600001,-0.804721,0.01188,0.19626,1
1964800001,-0.804961,0.01152,0.19448,1
1965000001,-0.80364,0.00726,0.193685,1
1965200001,-0.80432,0.00418,0.19678,1
1965400001,-0.801521,0.00892,0.196525,1
1965600001,-0.801321,0.01028,0.19749,1
1965800001,-0.804361,0.01348,0.19577,1
1966000001,-0.803202,0.01396,0.19692,1
1966200001,-0.801122,0.01602,0.196365,1
1966400001,-0.803042,0.01584,0.196615,1
1966600001,-0.805081,0.01356,0.19573,1
1966800001,-0.8024,0.00772,0.19715,1
1967000001,-0.80304,0.0018,0.19566,1
1967200001,-0.80408,0.00396,0.19675,1
1967400001,-0.80156,-0.00182,0.197085,1
1967600001,-0.80416,0.00116,0.195925,1
1967800001,-0.80284,0.00548,0.19708,1
1968000001,-0.80396,0.00362,0.196965,1
1968200001,-0.80532,0.00582,0.19563,1
1968400001,-0.80524,0.00064,0.196435,1
1968600001,-0.80612,0.00562,0.192795,1
1968800001,-0.80308,0.00422,0.19525,1
1969000001,-0.80432,0.00124,0.197065,1
1969200001,-0.80392,-0.00052,0.1973,1
1969400001,-0.80724,0.00102,0.195205,1
1969600001,-0.80544,0.00076,0.195225,1
1969800001,-0.8042,-0.00064,0.19458,1
1970000001,-0.8068,-0.00266,0.194985,1
1970200001,-0.80516,0.00248,0.193565,1
1970400001,-0.804321,0.00874,0.195165,1
1970600001,-0.805081,0.00948,0.192995,1
1970800001,-0.804521,0.00812,0.1952,1
1971000001,-0.803602,0.01368,0.19434,1
1971200001,-0.804482,0.01584,0.1953,1
1971400001,-0.804082,0.01548,0.19573,1
1971600001,-0.803681,0.00974,0.196175,1
1971800001,-0.80452,0.0042,0.195935,1
1972000001,-0.8016,0.00232,0.19707,1
1972200001,-0.80204,0.00022,0.196845,1
1972400001,-0.80584,0.00688,0.195555,1
1972600001,-0.80568,0.00772,0.19581,1
1972800001,-0.803641,0.00876,0.19541,1
1973000001,-0.805441,0.01162,0.194395,1
1973200001,-0.804321,0.00892,0.194885,1
1973400001,-0.803961,0.00872,0.19561,1
1973600001,-0.803122,0.01372,0.19574,1
1973800001,-0.804961,0.01042,0.197785,1
1974000001,-0.802041,0.00904,0.197375,1
1974200001,-0.798481,0.00932,0.20182,1
1974400001,-0.7996,0.00606,0.200885,1
1974600001,-0.799961,0.00956,0.200505,1
1974800001,-0.80216,0.00558,0.199835,1
1975000001,-0.80324,0.00038,0.19857,1
1975200001,-0.801801,0.01006,0.19822,1
1975400001,-0.80248,0.00312,0.197765,1
1975600001,-0.80256,-0.00164,0.19637,1
1975800001,-0.80288,-0.00328,0.19584,1
1976000001,-0.804,-0.0073,0.197485,1
1976200001,-0.802161,-0.00998,0.19566,1
1976400001,-0.803602,-0.01586,0.19688,1
1976600001,-0.802881,-0.01256,0.197905,1
1976800001,-0.804161,-0.01012,0.19561,1
1977000001,-0.8028,-0.00602,0.194925,1
1977200001,-0.80404,-0.00668,0.196465,1
1977400001,-0.8028,-0.00316,0.19711,1
1977600001,-0.80116,-0.00578,0.197585,1
1977800001,-0.801481,-0.01178,0.19687,1
1978000001,-0.803762,-0.01446,0.19649,1
1978200001,-0.804841,-0.00856,0.196675,1
1978400001,-0.803721,-0.01362,0.194525,1
1978600001,-0.802963,-0.01896,0.195255,1
1978800001,-0.80336,-0.00716,0.19696,1
1979000001,-0.80264,-0.00444,0.19724,1
1979200001,-0.805041,-0.00988,0.19617,1
1979400001,-0.804201,-0.0101,0.196855,1
1979600001,-0.804681,-0.00952,0.195265,1
1979800001,-0.80656,-0.00562,0.194225,1
1980000001,-0.805202,-0.01382,0.19564,1
1980200001,-0.8054,-0.00638,0.19467,1
1980400001,-0.80508,-0.0001,0.19423,1
1980600001,-0.80096,-0.00266,0.19718,1
1980800001,-0.805,-0.0045,0.19671,1
1981000001,-0.80388,-0.00494,0.19666,1
1981200001,-0.806041,-0.00924,0.195005,1
1981400001,-0.80492,-0.00704,0.19723,1
1981600001,-0.805161,-0.0079,0.193325,1
1981800001,-0.80492,-0.00538,0.19531,1
1982000001,-0.8024,-0.0041,0.19582,1
1982200001,-0.80036,-0.00776,0.199605,1
1982400001,-0.80136,-0.00176,0.19891,1
1982600001,-0.80356,6e-05,0.195095,1
1982800001,-0.80504,-0.00256,0.197935,1
1983000001,-0.80552,-0.00506,0.195305,1
1983200001,-0.80376,-0.00396,0.195305,1
1983400001,-0.80408,0.00032,0.19691,1
1983600001,-0.80184,-0.00492,0.19619,1
1983800001,-0.80196,-0.0031,0.197635,1
1984000001,-0.80668,-0.00164,0.195375,1
1984200001,-0.80376,-0.00022,0.197305,1
1984400001,-0.8062,-0.00166,0.19524,1
1984600001,-0.80604,0.00556,0.196335,1
1984800001,-0.80456,-0.00294,0.193865,1
1985000001,-0.80392,-0.00756,0.196935,1
1985200001,-0.80308,-0.0076,0.19481,1
1985400001,-0.8048,-0.00646,0.194515,1
1985600001,-0.80384,-0.00574,0.19528,1
1985800001,-0.8034,-0.0042,0.196705,1
1986000001,-0.80096,-0.00078,0.198095,1
1986200001,-0.80184,-0.00432,0.198385,1
1986400001,-0.801761,-0.01022,0.198745,1
1986600001,-0.801801,-0.01124,0.198075,1
1986800001,-0.800883,-0.01852,0.19972,1
1987000001,-0.803843,-0.01852,0.19664,1
1987200001,-0.803761,-0.0131,0.196205,1
1987400001,-0.804681,-0.01126,0.19546,1
1987600001,-0.803921,-0.01206,0.19735,1
1987800001,-0.803121,-0.00792,0.196625,1
1988000001,-0.80436,-0.00282,0.197135,1
1988200001,-0.805,-0.00136,0.193185,1
1988400001,-0.80424,-0.00254,0.195415,1
1988600001,-0.80316,-0.00154,0.19734,1
1988800001,-0.804201,-0.00882,0.19714,1
1989000001,-0.80456,-0.00566,0.19498,1
1989200001,-0.805881,-0.0099,0.19466,1
1989400001,-0.8062,-0.0061,0.19276,1
1989600001,-0.80412,-0.00098,0.19452,1
1989800001,-0.8036,-0.00386,0.1952,1
1990000001,-0.80268,-0.00368,0.197645,1
1990200001,-0.80244,-0.0001,0.196895,1
1990400001,-0.80216,0.0074,0.198295,1
1990600001,-0.803082,0.01492,0.19763,1
1990800001,-0.804481,0.0104,0.19668,1
1991000001,-0.80604,0.00746,0.193955,1
1991200001,-0.8054,0.00412,0.193565,1
1991400001,-0.80448,0.00758,0.194285,1
1991600001,-0.80492,-0.00068,0.194775,1
1991800001,-0.80508,0.00378,0.194335,1
1992000001,-0.80492,0.00314,0.19472,1
1992200001,-0.80504,0.00618,0.19545,1
1992400001,-0.80456,0.00092,0.194135,1
1992600001,-0.80424,0.00266,0.193975,1
1992800001,-0.80676,-0.00432,0.194075,1
1993000001,-0.807601,-0.00876,0.19376,1
1993200001,-0.8042,-0.00602,0.192305,1
1993400001,-0.80676,-0.004,0.195335,1
1993600001,-0.80848,-0.0057,0.194285,1
1993800001,-0.804121,-0.00842,0.19493,1
1994000001,-0.806961,-0.00864,0.193975,1
1994200001,-0.806082,-0.01594,0.194105,1
1994400001,-0.806202,-0.01536,0.192735,1
1994600001,-0.803881,-0.01048,0.19604,1
1994800001,-0.801402,-0.0162,0.19569,1
1995000001,-0.800963,-0.01884,0.19756,1
1995200001,-0.802963,-0.01892,0.19685,1
1995400001,-0.804924,-0.02222,0.197015,1
1995600001,-0.804922,-0.01414,0.19643,1
1995800001,-0.807681,-0.0113,0.19625,1
1996000001,-0.806761,-0.01104,0.192365,1
1996200001,-0.806961,-0.00996,0.19391,1
1996400001,-0.80384,-0.00718,0.193735,1
1996600001,-0.80548,-0.0041,0.19824,1
1996800001,-0.80536,-0.00406,0.19617,1
1997000001,-0.80096,-0.00654,0.19819,1
1997200001,-0.80352,-0.00588,0.198565,1
1997400001,-0.80472,-0.00748,0.19402,1
1997600001,-0.802321,-0.00978,0.195005,1
1997800001,-0.800361,-0.01192,0.198065,1
1998000001,-0.802881,-0.01106,0.199495,1
1998200001,-0.80092,-0.00574,0.19861,1
1998400001,-0.80204,-0.00496,0.196705,1
1998600001,-0.803681,-0.00816,0.1941,1
1998800001,-0.80344,-0.0044,0.19737,1
1999000001,-0.804681,-0.00986,0.196865,1
1999200001,-0.800921,-0.00818,0.19774,1
1999400001,-0.801282,-0.01758,0.19839,1
1999600001,-0.804363,-0.01872,0.197695,1
1999800001,-0.801202,-0.01614,0.197285,1
